,ATP uM,Ratio
0,0,1.1404757824325613
1,0,1.1630704317574767
2,0,1.1370567723390692
3,0,1.1364711368203684
4,0,1.137643214337661
5,10,1.270953417084122
6,10,1.2711327249512707
7,10,1.274367794089666
8,10,1.2738932750827097
9,10,1.271409999574832
10,30,1.729256816041714
11,30,1.7242688625117364
12,30,1.7242893499331469
13,30,1.7152472606265026
14,30,1.7040283135201861
15,50,2.1325243808187073
16,50,2.1071425509561243
17,50,2.113342434124218
18,50,2.105108393550318
19,50,2.109983470438864
20,100,2.6774163766122787
21,100,2.6401012084386157
22,100,2.6362273574688753
23,100,2.6637499087380396
24,100,2.6766216137690164
25,200,3.00783963829777
26,200,3.050369765476715
27,200,2.982501370446529
28,200,3.037372893409701
29,200,3.0127995625905073
30,300,3.1743098753778782
31,300,3.167296484393578
32,300,3.196655284343258
33,300,3.1768190679536197
34,300,3.1917689602537047
35,500,3.2902535713079857
36,500,3.3267581337282173
37,500,3.3104422358684205
38,500,3.308447109705501
39,500,3.3084780546885506
40,800,3.466610483011804
41,800,3.481359526776355
42,800,3.4475719569220886
43,800,3.4141225493298952
44,800,3.4386360632311006
45,1000,3.4483305661320074
46,1000,3.425664851121746
47,1000,3.348303640086288
48,1000,3.2995007292528746
49,1000,3.4493374600538345
50,1420,3.5335841152350813
51,1420,3.5301375436712092
52,1420,3.4983119547794543
53,1420,3.471083823791321
54,1420,3.5147387791127533
55,3000,3.632675552580205
56,3000,3.590388693550331
57,3000,3.6105558891694067
58,3000,3.5787375542375406
59,3000,3.590914398173245
