,ATP uM,Ratio
0,0,1.1057460444405476
1,0,1.1075614620291805
2,0,1.1080448178006026
3,0,1.1095665979783191
4,0,1.1324200737884706
5,1000,3.1976458059124053
6,1000,3.156596660525424
7,1000,3.2439766757802593
8,1000,3.2680941263271146
9,1000,3.278398165852662
10,100,2.5664618764008615
11,100,2.5667602226912845
12,100,2.5309615971099055
13,100,2.5504231926479908
14,100,2.525419627195067
15,10,1.235565599553247
16,10,1.2368781993460043
17,10,1.2372957679161336
18,10,1.2393666900103708
19,10,1.2413440541527028
20,1420,3.3648414576984496
21,1420,3.3358548931972316
22,1420,3.327504988535258
23,1420,3.306881012315714
24,1420,3.3584021498435517
25,200,2.9001845399540316
26,200,2.88125918183127
27,200,2.8412722494863574
28,200,2.8541167212989476
29,200,2.855455673244829
30,200,2.853838516901081
31,200,2.855495806984997
32,200,2.8537087564216796
33,200,2.853893281882908
34,200,2.851109852363639
35,200,2.8505760637494264
36,200,2.852403365549054
37,200,2.8729218032268182
38,200,2.9158167023024046
39,3000,3.4470246224890384
40,3000,3.4430531523249157
41,3000,3.411900027014406
42,3000,3.4710471721119798
43,3000,3.415015570973978
44,300,2.9814947330664667
45,300,3.021759841160643
46,300,3.0322199501613927
47,300,3.031176761844686
48,300,3.0336796619352873
49,300,3.032583342738826
50,300,3.027467051612122
51,300,3.0363753278506915
52,300,3.027404797780991
53,300,3.0303194868558636
54,300,2.986597863303249
55,300,3.0143585296033986
56,300,3.0247314543468224
57,300,3.032060271808941
58,300,3.0326084410708694
59,300,3.0314392192602364
60,300,3.0285038952781616
61,300,3.0313133372816727
62,300,3.0292512919334635
63,300,3.029181092868731
64,300,2.984603752638587
65,300,3.0089255535307284
66,300,3.01389660907125
67,300,3.0185118720393134
68,300,3.0150458796323054
69,300,3.0235730333907442
70,300,3.0203691171250617
71,300,3.0191987641230686
72,300,3.0199365166773697
73,300,3.0193187900978726
74,300,2.996357991825524
75,300,3.020960059675493
76,300,3.031697968293981
77,300,3.0362010757939863
78,300,3.0374929110597217
79,300,3.038679483304641
80,300,3.0408098856885926
81,300,3.038227337782108
82,300,3.0365086425498258
83,300,3.0365761214644724
84,300,2.991561457080667
85,300,3.0264769373153086
86,300,3.039875400551214
87,300,3.044853487905643
88,300,3.044821588604451
89,300,3.0425998345597223
90,300,3.046379662467201
91,300,3.048188424017274
92,300,3.0414738704712274
93,300,3.043550638420052
94,30,1.6703788816214535
95,30,1.6725994295538122
96,30,1.6676584130694887
97,30,1.6586297982505478
98,30,1.6524386128107618
99,500,3.1507347050295396
100,500,3.160389220367416
101,500,3.1655968975262723
102,500,3.16199559748577
103,500,3.1666581517903327
104,500,3.166767276711934
105,500,3.1635490275846165
106,500,3.1626262775911935
107,500,3.1645342602269184
108,500,3.166795931702363
109,500,3.1301428749600593
110,500,3.1366885757348086
111,500,3.138240640376192
112,500,3.1390561594440225
113,500,3.140235478442761
114,500,3.1409633050923844
115,500,3.1424210680820175
116,500,3.1379693023207738
117,500,3.139128339724387
118,500,3.139168359431705
119,500,3.1107680662348622
120,500,3.136166882109396
121,500,3.1508398904614436
122,500,3.15010241653238
123,500,3.1466200351925977
124,500,3.1528274463594177
125,500,3.148482560303395
126,500,3.148030650267664
127,500,3.147018737015707
128,500,3.151757053632161
129,500,3.099366105502198
130,500,3.122751919290298
131,500,3.134958368224471
132,500,3.1338773388733663
133,500,3.1377385296287224
134,500,3.139301548271345
135,500,3.1380876707925265
136,500,3.135143906964111
137,500,3.1373451781147126
138,500,3.1395595586034464
139,500,3.080095723208015
140,500,3.1251840000053743
141,500,3.1346634963086255
142,500,3.139368489974338
143,500,3.1389401481420878
144,500,3.140488231863851
145,500,3.144907370898594
146,500,3.1456960440372526
147,500,3.1441091767100726
148,500,3.1478165242269047
149,50,2.0372653522125286
150,50,2.031519881020019
151,50,2.0296303348753506
152,50,2.060526452569145
153,50,2.0353920157461736
154,800,3.2472274492547637
155,800,3.271232036634553
156,800,3.272641659781908
157,800,3.293670607223949
158,800,3.310736914374175
