,ATP uM,Ratio
0,0,0.9563410958883821
1,0,0.9834795119517421
2,0,0.9822247668413595
3,0,0.9808910851599311
4,0,0.9877028788997781
5,1000,1.266506892669016
6,1000,1.255889523627936
7,1000,1.2502010558341228
8,1000,1.2331274590996038
9,1000,1.2126699579066131
10,100,0.9252835481864696
11,100,0.934391910787794
12,100,0.9259036031162051
13,100,0.9098875292057332
14,100,0.9233086985727637
15,1420,1.3826733992441138
16,1420,1.40094858642683
17,1420,1.4093848074804494
18,1420,1.40529260929326
19,1420,1.4288725024714195
20,3000,1.6400485173944657
21,3000,1.6316283284539217
22,3000,1.6379661483822885
23,3000,1.6509725365572427
24,3000,1.6505089364090202
25,300,1.026546561376227
26,300,1.0378619864363894
27,300,1.0456646267031802
28,300,1.038123655270529
29,300,1.0552113534224883
30,30,0.9009947928509666
31,30,0.8972554919254065
32,30,0.9061610259444771
33,30,0.8982571441996666
34,30,0.9153542060743154
35,470,1.081834065711507
36,470,1.0896704680858822
37,470,1.0906120245331805
38,470,1.0982785708387752
39,470,1.0953248860480613
40,50,0.8788871541038243
41,50,0.9061820785164064
42,50,0.908806433806957
43,50,0.9105138681357894
44,50,0.9100576947324467
