im,ATP,N_B,Var_In,Var_Tot,frac_var_in
0,0,4,202.6136211419754,6824.567036276941,0.029688860855927465
0,0,9,262.0737880658435,6824.567036276941,0.038401525938972184
0,0,16,286.84322125771615,6824.567036276941,0.042030977164259783
0,0,25,301.7492232098767,6824.567036276941,0.04421514531337834
0,0,36,310.383763117284,6824.567036276941,0.0454803596282952
0,0,64,318.4094898244602,6824.567036276941,0.046656364884674735
0,0,100,323.5205541666668,6824.567036276941,0.04740528629097612
0,0,144,326.688019354424,6824.567036276941,0.04786941319762384
0,0,225,329.6617113305897,6824.567036276941,0.04830514662369448
0,0,256,330.26079136525834,6824.567036276941,0.048392929486912636
0,0,400,333.14268823302467,6824.567036276941,0.048815212226967386
0,0,576,336.1988926986886,6824.567036276941,0.04926303616208565
0,0,900,340.23794410493815,6824.567036276941,0.049854876111020054
0,0,1600,348.79936694251563,6824.567036276941,0.05110937662249104
0,0,2304,356.095713087545,6824.567036276941,0.052178506152063334
0,0,3600,367.33695894804515,6824.567036276941,0.05382567963585297
0,0,6400,386.51183398292847,6824.567036276941,0.056635363375928574
0,0,14400,423.0216776125259,6824.567036276941,0.06198513039199337
0,0,57600,552.6715173057592,6824.567036276941,0.08098264906300376
1,0,4,203.5526952160493,6798.657699811885,0.02994012997914007
1,0,9,263.1521872427984,6798.657699811885,0.038706491613790125
1,0,16,288.1051448688268,6798.657699811885,0.0423767687078581
1,0,25,303.16314320987647,6798.657699811885,0.0445916174332861
1,0,36,311.6625779320987,6798.657699811885,0.0458417810828632
1,0,64,320.5579898244599,6798.657699811885,0.04715018816630959
1,0,100,326.09663305555586,6798.657699811885,0.0479648553367496
1,0,144,329.4081667309671,6798.657699811885,0.048451941732569004
1,0,225,332.47828960219465,6798.657699811885,0.048903519530244056
1,0,256,334.65801677035086,6798.657699811885,0.0492241309309646
1,0,400,336.862906103395,6798.657699811885,0.0495484433806273
1,0,576,340.3677172871658,6798.657699811885,0.050063958551198065
1,0,900,345.59931188271617,6798.657699811885,0.05083346259545891
1,0,1600,355.7507056693673,6798.657699811885,0.05232660936572975
1,0,2304,362.7427874027458,6798.657699811885,0.05335505969256
1,0,3600,373.7754765097735,6798.657699811885,0.05497783430398557
1,0,6400,394.2930162861692,6798.657699811885,0.05799571528613347
1,0,14400,430.3767785770316,6798.657699811885,0.06330319859888517
1,0,57600,556.1677691280325,6798.657699811885,0.08180552598543406
2,0,4,204.09235262345672,6868.20714770061,0.029715520838911255
2,0,9,263.83891152263374,6868.20714770061,0.03841452446741705
2,0,16,288.59900366512346,6868.20714770061,0.04201955436969352
2,0,25,303.67984691358004,6868.20714770061,0.0442153010797364
2,0,36,312.1351540637863,6868.20714770061,0.04544638030730992
2,0,64,320.227804060571,6868.20714770061,0.04662465723209575
2,0,100,325.59042972222215,6868.20714770061,0.04740544697042601
2,0,144,328.31391827417696,6868.20714770061,0.04780198255728096
2,0,225,331.8232558573389,6868.20714770061,0.0483129365089737
2,0,256,332.49945571711015,6868.20714770061,0.04841139012943528
2,0,400,335.58324767746876,6868.20714770061,0.048860385317559596
2,0,576,337.76275464570443,6868.20714770061,0.04917771805394413
2,0,900,342.5467801954731,6868.20714770061,0.04987426453934976
2,0,1600,349.6802052064045,6868.20714770061,0.05091287983698527
2,0,2304,355.80036453108943,6868.20714770061,0.051803965267734675
2,0,3600,365.8374074562758,6868.20714770061,0.05326534269991457
2,0,6400,382.472552663484,6868.20714770061,0.05568739329470152
2,0,14400,415.26284790316345,6868.20714770061,0.06046160795283937
2,0,57600,539.1916014846431,6868.20714770061,0.07850543670121507
3,0,4,205.05695447530857,7126.1392318725875,0.02877532248572475
3,0,9,265.0393065843622,7126.1392318725875,0.037192552370986426
3,0,16,290.34802218364223,7126.1392318725875,0.04074408494364281
3,0,25,305.3678246913581,7126.1392318725875,0.042851790395219996
3,0,36,313.59112114197546,7126.1392318725875,0.044005752755909996
3,0,64,322.3491576485338,7126.1392318725875,0.04523475435433329
3,0,100,327.55366342592583,7126.1392318725875,0.045965094529854165
3,0,144,330.3943640046299,7126.1392318725875,0.04636372560992044
3,0,225,333.97051478738007,7126.1392318725875,0.04686556126964982
3,0,256,334.64966650993426,7126.1392318725875,0.046960865571243675
3,0,400,338.02100536265425,7126.1392318725875,0.04743396029238542
3,0,576,340.2313268550666,7126.1392318725875,0.047744131258808074
3,0,900,345.1091592489714,7126.1392318725875,0.04842862986810947
3,0,1600,352.4840762943673,7126.1392318725875,0.049463540470530844
3,0,2304,357.8263793523341,7126.1392318725875,0.05021321752343947
3,0,3600,367.4770207793211,7126.1392318725875,0.05156747697767848
3,0,6400,384.7995516970486,7126.1392318725875,0.053998320714249086
3,0,14400,416.0655853260034,7126.1392318725875,0.05838583443122971
3,0,57600,543.0504123282643,7126.1392318725875,0.07620541707905461
4,30,4,225.4944637345678,10049.550900461323,0.022438262760997262
4,30,9,292.26733127571987,10049.550900461323,0.029082626096485903
4,30,16,320.1894920910494,10049.550900461323,0.03186107471492593
4,30,25,337.283113580247,10049.550900461323,0.03356200858336506
4,30,36,346.58757484567906,10049.550900461323,0.034487866998093315
4,30,64,355.8636015142749,10049.550900461323,0.03541089597326573
4,30,100,362.02471527777783,10049.550900461323,0.03602396951501177
4,30,144,365.362616062243,10049.550900461323,0.03635611378867398
4,30,225,368.9793801371742,10049.550900461323,0.03671600689342608
4,30,256,370.2436097969713,10049.550900461323,0.036841806510973074
4,30,400,374.6976037885803,10049.550900461323,0.03728500979793832
4,30,576,378.5932858957047,10049.550900461323,0.03767265718096173
4,30,900,385.0437695781893,10049.550900461323,0.03831452503618982
4,30,1600,399.22077374807077,10049.550900461323,0.039725235257004825
4,30,2304,410.50555804317776,10049.550900461323,0.04084814954510391
4,30,3600,429.35643696244847,10049.550900461323,0.04272394271297625
4,30,6400,469.3680516507523,10049.550900461323,0.04670537582223759
4,30,14400,541.3688470724021,10049.550900461323,0.053869954233233514
4,30,57600,765.9513211110584,10049.550900461323,0.07621746769558603
5,30,4,223.89209336419754,9969.461433671491,0.022457792214132067
5,30,9,290.0642572016461,9969.461433671491,0.029095278529486526
5,30,16,317.4316610725309,9969.461433671491,0.031840402130491934
5,30,25,334.71457728395063,9969.461433671491,0.0335739878739552
5,30,36,343.8842384259259,9969.461433671491,0.03449376284906118
5,30,64,353.5323260513116,9969.461433671491,0.035461527024646396
5,30,100,359.17965935185185,9969.461433671491,0.03602799025218511
5,30,144,362.1297140560699,9969.461433671491,0.03632389938668001
5,30,225,366.7762935528123,9969.461433671491,0.03678998068180883
5,30,256,367.4263324532217,9969.461433671491,0.036855183692496435
5,30,400,372.1011345293208,9969.461433671491,0.037324095890733155
5,30,576,375.94958939364716,9969.461433671491,0.03771012024018581
5,30,900,383.0992359156374,9969.461433671491,0.038427274980144234
5,30,1600,397.1652961554787,9969.461433671491,0.03983818973551244
5,30,2304,408.574485480163,9969.461433671491,0.04098260354367966
5,30,3600,430.61155885545276,9969.461433671491,0.04319306130229643
5,30,6400,471.0251613266785,9969.461433671491,0.04724680108955617
5,30,14400,542.665688288966,9969.461433671491,0.054432798792533814
5,30,57600,765.722627535954,9969.461433671491,0.07680681976959697
6,30,4,225.1698341049384,10097.504989513376,0.02229955165546196
6,30,9,292.048314814815,10097.504989513376,0.028922819559694966
6,30,16,319.9977096836422,10097.504989513376,0.03169077014727612
6,30,25,336.81486469135814,10097.504989513376,0.03335624642336424
6,30,36,346.25251208847726,10097.504989513376,0.034290897845366056
6,30,64,355.74844526427466,10097.504989513376,0.03523132156247828
6,30,100,361.98581638888874,10097.504989513376,0.03584903565433482
6,30,144,365.60673514660493,10097.504989513376,0.03620763104611493
6,30,225,369.6973292729765,10097.504989513376,0.03661274044003153
6,30,256,370.215120358314,10097.504989513376,0.0366640195516413
6,30,400,374.92997378858036,10097.504989513376,0.03713095206964084
6,30,576,379.42913652584883,10097.504989513376,0.03757652379671015
6,30,900,386.7495111831273,10097.504989513376,0.03830149245628308
6,30,1600,399.5769915952932,10097.504989513376,0.03957185384015837
6,30,2304,411.76612001269945,10097.504989513376,0.04077899643925242
6,30,3600,433.72808204475314,10097.504989513376,0.042953985414733185
6,30,6400,472.7383066854748,10097.504989513376,0.04681733826092987
6,30,14400,547.1530348990482,10097.504989513376,0.054186953655114445
6,30,57600,772.9472956789588,10097.504989513376,0.0765483450101478
7,30,4,225.98318595679004,10205.21340408436,0.022143896164517875
7,30,9,293.1399732510289,10205.21340408436,0.02872453143740312
7,30,16,320.7148416280867,10205.21340408436,0.031426568845657775
7,30,25,337.7700261728395,10205.21340408436,0.03309779156971438
7,30,36,347.49790715020566,10205.21340408436,0.03405101817970108
7,30,64,356.7238677179784,10205.21340408436,0.03495506204458296
7,30,100,363.0037126851853,10205.21340408436,0.03557041859995823
7,30,144,366.47336709104934,10205.21340408436,0.03591040702239292
7,30,225,370.239419807956,10205.21340408436,0.03627943925795591
7,30,256,371.7165472969717,10205.21340408436,0.03642418169797432
7,30,400,375.95335656635797,10205.21340408436,0.03683934295934398
7,30,576,379.8065856642234,10205.21340408436,0.03721691753277948
7,30,900,386.8868994958849,10205.21340408436,0.03791071133711363
7,30,1600,401.38503888695965,10205.21340408436,0.03933137142691364
7,30,2304,414.85441275639806,10205.21340408436,0.04065122367655378
7,30,3600,436.1649239994855,10205.21340408436,0.0427394221687635
7,30,6400,474.8774716276041,10205.21340408436,0.046532831095677754
7,30,14400,549.8779504108801,10205.21340408436,0.05388206288668166
7,30,57600,781.3206124485057,10205.21340408436,0.07656092837174805
8,50,4,223.25119521604947,10153.001670949492,0.021988688907127046
8,50,9,289.10783333333325,10153.001670949492,0.02847510940144427
8,50,16,316.8090198688272,10153.001670949492,0.031203483475759117
8,50,25,334.0510113580248,10153.001670949492,0.03290169963369906
8,50,36,343.1709771090536,10153.001670949492,0.033799952785486025
8,50,64,352.5513063753858,10153.001670949492,0.0347238499314081
8,50,100,358.85524898148174,10153.001670949492,0.035344744402856204
8,50,144,362.18166878858,10153.001670949492,0.03567237360207283
8,50,225,366.2663078737996,10153.001670949492,0.03607468212300087
8,50,256,367.1237132402583,10153.001670949492,0.0361591305840813
8,50,400,371.4494351774693,10153.001670949492,0.03658518408800104
8,50,576,375.5037756719394,10153.001670949492,0.03698450840861754
8,50,900,381.4857498662553,10153.001670949492,0.037573691232395845
8,50,1600,392.8645767804783,10153.001670949492,0.038694426487151184
8,50,2304,403.9770562427662,10153.001670949492,0.03978892837166124
8,50,3600,419.4260153780862,10153.001670949492,0.041310543322195886
8,50,6400,447.6709929412615,10153.001670949492,0.04409247702796803
8,50,14400,500.44880281057095,10153.001670949492,0.04929072396811393
8,50,57600,702.4136729172556,10153.001670949492,0.06918285800415583
9,50,4,222.5554544753087,9945.40104558402,0.02237772548892116
9,50,9,288.2837674897119,9945.40104558402,0.02898664077681577
9,50,16,315.7043508873457,9945.40104558402,0.03174375265917763
9,50,25,332.37581876543214,9945.40104558402,0.033420051865380974
9,50,36,341.6417168209875,9945.40104558402,0.03435172852810034
9,50,64,351.2572676022379,9945.40104558402,0.035318562418174576
9,50,100,357.22007046296295,9945.40104558402,0.03591811620523605
9,50,144,360.2107984182098,9945.40104558402,0.03621883087139572
9,50,225,364.0731910013718,9945.40104558402,0.036607190532857235
9,50,256,365.20117012683284,9945.40104558402,0.03672060769122933
9,50,400,369.7180650848763,9945.40104558402,0.03717477690344517
9,50,576,373.310520785108,9945.40104558402,0.03753599468478611
9,50,900,379.19225291152276,9945.40104558402,0.03812739689164094
9,50,1600,390.43256043788574,9945.40104558402,0.03925759842648543
9,50,2304,400.7975664665316,9945.40104558402,0.040299789282453785
9,50,3600,417.8054353472221,9945.40104558402,0.042009913268679804
9,50,6400,447.3045823509841,9945.40104558402,0.0449760226159605
9,50,14400,500.9031099350561,9945.40104558402,0.05036530026684728
9,50,57600,697.2614927513615,9945.40104558402,0.07010893673925409
10,50,4,222.32523225308637,9945.884695543815,0.02235348981601382
10,50,9,287.55177572016447,9945.884695543815,0.028911633758332233
10,50,16,315.39905459104915,9945.884695543815,0.03171151327868918
10,50,25,331.80838320987715,9945.884695543815,0.033361374414338583
10,50,36,340.76102237654334,9945.884695543815,0.03426150943909685
10,50,64,350.71325197723735,9945.884695543815,0.03526214738185855
10,50,100,356.23391231481503,9945.884695543815,0.03581721719279766
10,50,144,360.17812969393003,9945.884695543815,0.03621378496930548
10,50,225,364.25443445816205,9945.884695543815,0.03662363335273369
10,50,256,365.0204343050731,9945.884695543815,0.036700650115983946
10,50,400,369.42363758487664,9945.884695543815,0.03714336621561623
10,50,576,373.1770866287294,9945.884695543815,0.03752075336203413
10,50,900,379.27012011316856,9945.884695543815,0.03813337191442587
10,50,1600,391.4789472897375,9945.884695543815,0.039360897423749236
10,50,2304,401.92585771524546,9945.884695543815,0.040411272603564925
10,50,3600,417.902719966564,9945.884695543815,0.04201765179861802
10,50,6400,446.3154891912618,9945.884695543815,0.044874388036212645
10,50,14400,499.6654760178754,9945.884695543815,0.05023841431036769
10,50,57600,690.715339263707,9945.884695543815,0.06944735037730503
11,50,4,225.37528780864204,10267.628112075772,0.021950082857361948
11,50,9,292.0329485596708,10267.628112075772,0.02844210419115301
11,50,16,319.7885569058641,10267.628112075772,0.031145319387810736
11,50,25,337.19931950617297,10267.628112075772,0.03284101409064401
11,50,36,346.71429706790144,10267.628112075772,0.033767710836754034
11,50,64,356.7318220003855,10267.628112075772,0.03474335241854277
11,50,100,363.6581163888886,10267.628112075772,0.035417928310160524
11,50,144,367.9237029963992,10267.628112075772,0.0358333686203227
11,50,225,372.0134389026063,10267.628112075772,0.036231682219292766
11,50,256,373.914646110629,10267.628112075772,0.03641684739933924
11,50,400,377.665001844136,10267.628112075772,0.03678210758334378
11,50,576,382.9357730356224,10267.628112075772,0.037295446314933346
11,50,900,389.09008221193443,10267.628112075772,0.03789483588272203
11,50,1600,400.8771604841821,10267.628112075772,0.03904282041659747
11,50,2304,409.9486463597926,10267.628112075772,0.039926323965478586
11,50,3600,423.9432966538066,10267.628112075772,0.041289311613770495
11,50,6400,449.6176273394095,10267.628112075772,0.043789823942942924
11,50,14400,497.4353724119085,10267.628112075772,0.04844696038677852
11,50,57600,678.3573718286508,10267.628112075772,0.0660675829338651
12,70,4,232.0881581790123,11742.225526224589,0.01976526150521266
12,70,9,300.88596502057635,11742.225526224589,0.025624270658793802
12,70,16,329.619334683642,11742.225526224589,0.02807128290522816
12,70,25,346.84291654321,11742.225526224589,0.02953809018303947
12,70,36,356.50640097736624,11742.225526224589,0.030361058913504935
12,70,64,366.77192443094117,11742.225526224589,0.03123529893134894
12,70,100,372.7505923148148,11742.225526224589,0.03174445861922252
12,70,144,376.10840721450614,11742.225526224589,0.03203041930803676
12,70,225,380.7036176680382,11742.225526224589,0.0324217599821934
12,70,256,381.94262744743435,11742.225526224589,0.0325272774393934
12,70,400,386.76786332561727,11742.225526224589,0.03293820770703359
12,70,576,390.34059736689824,11742.225526224589,0.033242471497002685
12,70,900,396.6907878086418,11742.225526224589,0.033783271060727746
12,70,1600,408.23474161844155,11742.225526224589,0.034766385699772785
12,70,2304,417.3974096699781,11742.225526224589,0.035546703539101714
12,70,3600,432.88085622170814,11742.225526224589,0.036865316140873836
12,70,6400,459.2469683521413,11742.225526224589,0.039110726269605246
12,70,14400,509.72289465727886,11742.225526224589,0.04340939403002313
12,70,57600,710.5539902179253,11742.225526224589,0.06051271870319677
13,70,4,230.61981558641986,11200.441370898048,0.020590243540369414
13,70,9,300.29394444444426,11200.441370898048,0.026810902758233605
13,70,16,330.31530459104914,11200.441370898048,0.029491275714303797
13,70,25,350.0739743209876,11200.441370898048,0.03125537313472127
13,70,36,361.184245627572,11200.441370898048,0.03224732255338009
13,70,64,373.8985963059413,11200.441370898048,0.03338248770065766
13,70,100,382.6334204629633,11200.441370898048,0.0341623519816955
13,70,144,396.97546971450635,11200.441370898048,0.035442841631755886
13,70,225,393.83990063100157,11200.441370898048,0.03516289113876444
13,70,256,403.4015626326194,11200.441370898048,0.03601657731817356
13,70,400,411.29103693672823,11200.441370898048,0.036720966908088105
13,70,576,412.90394368891447,11200.441370898048,0.03686497076461264
13,70,900,423.73958743827166,11200.441370898048,0.03783240083192332
13,70,1600,437.5623486323301,11200.441370898048,0.039066527303936636
13,70,2304,446.2089145568095,11200.441370898048,0.0398385116961719
13,70,3600,460.4161821784983,11200.441370898048,0.04110696774635964
13,70,6400,484.736995041956,11200.441370898048,0.04327838332348593
13,70,14400,532.6754800096455,11200.441370898048,0.04755843652676839
13,70,57600,722.8738520215508,11200.441370898048,0.06453976482567766
14,70,4,228.6612044753086,10964.509495767388,0.020854667923227967
14,70,9,296.6233148148149,10964.509495767388,0.02705304007710695
14,70,16,325.2684550540125,10964.509495767388,0.02966557283566359
14,70,25,342.0937935802469,10964.509495767388,0.031200100078558442
14,70,36,351.84368595679,10964.509495767388,0.03208932292799889
14,70,64,361.830534384645,10964.509495767388,0.03300015696318397
14,70,100,367.93274675925903,10964.509495767388,0.03355669917576263
14,70,144,371.46118627829236,10964.509495767388,0.0338785046810974
14,70,225,375.8899407956105,10964.509495767388,0.03428242193056741
14,70,256,376.83129556086027,10964.509495767388,0.034368276638943845
14,70,400,381.0543475848767,10964.509495767388,0.03475343313186737
14,70,576,384.8184553272892,10964.509495767388,0.03509673236872475
14,70,900,391.304106697531,10964.509495767388,0.03568824550232598
14,70,1600,403.52937289158956,10964.509495767388,0.03680323073707614
14,70,2304,412.381085065426,10964.509495767388,0.037610536542890205
14,70,3600,427.0506496476339,10964.509495767388,0.03894844997968104
14,70,6400,447.0143622352427,10964.509495767388,0.04076920745135046
14,70,14400,492.1968503388633,10964.509495767388,0.044890001739600414
14,70,57600,679.2302509766697,10964.509495767388,0.06194807448877415
15,70,4,230.50718595679012,11086.044853067377,0.02079255397320637
15,70,9,298.91950823045266,11086.044853067377,0.026963584595974747
15,70,16,327.50077218364197,11086.044853067377,0.029541714518052525
15,70,25,344.76223802469127,11086.044853067377,0.03109875907901452
15,70,36,354.3318587962964,11086.044853067377,0.03196197232579814
15,70,64,364.26474445408957,11086.044853067377,0.032857953335206094
15,70,100,370.18250305555534,11086.044853067377,0.03339175584817612
15,70,144,373.3794141589508,11086.044853067377,0.03368012840536552
15,70,225,377.43915873799733,11086.044853067377,0.034046331558325274
15,70,256,378.14683867428624,11086.044853067377,0.03411016676246421
15,70,400,382.27302730709846,11086.044853067377,0.0344823634013467
15,70,576,385.5293902552727,11086.044853067377,0.03477609872276507
15,70,900,390.95535970164616,11086.044853067377,0.03526554013476443
15,70,1600,399.37679657214534,11086.044853067377,0.03602518317988246
15,70,2304,406.7793078663513,11086.044853067377,0.03669291557609027
15,70,3600,419.40647556327156,11086.044853067377,0.03783193024401545
15,70,6400,438.1148366160303,11086.044853067377,0.03951948981108525
15,70,14400,481.49314644740224,11086.044853067377,0.043432364998431235
15,70,57600,668.4335302809395,11086.044853067377,0.06029504112063843
16,100,4,238.74953780864206,12622.076619315812,0.018915234395208706
16,100,9,309.7494547325103,12622.076619315812,0.024540292701004097
16,100,16,339.8224157021604,12622.076619315812,0.026922861106873926
16,100,25,357.1691861728395,12622.076619315812,0.02829718095881754
16,100,36,367.6005563271605,12622.076619315812,0.029123619465644356
16,100,64,377.67286829668217,12622.076619315812,0.029921611133204653
16,100,100,383.76551824074073,12622.076619315812,0.03040430903845543
16,100,144,387.56848849022634,12622.076619315812,0.030705604171117347
16,100,225,391.8534153635114,12622.076619315812,0.031045082927467764
16,100,256,392.61338858748064,12622.076619315812,0.031105292768280033
16,100,400,397.62979443672856,12622.076619315812,0.031502723872570054
16,100,576,401.1980378890174,12622.076619315812,0.031785422477554615
16,100,900,407.2940256275721,12622.076619315812,0.032268384823800074
16,100,1600,417.6699758777007,12622.076619315812,0.03309043261855439
16,100,2304,425.7865852101016,12622.076619315812,0.03373348126872499
16,100,3600,437.43923331018516,12622.076619315812,0.034656677066970364
16,100,6400,455.9176859852431,12622.076619315812,0.03612065587429118
16,100,14400,499.1685994720936,12622.076619315812,0.039547264251922384
16,100,57600,700.5177245832799,12622.076619315812,0.055499403601406115
17,100,4,234.65723225308645,11780.643031167156,0.019918881476356728
17,100,9,304.4542325102879,11780.643031167156,0.025843600532230403
17,100,16,333.9045893132716,11780.643031167156,0.028343494360187765
17,100,25,351.33082617283947,11780.643031167156,0.02982272064804528
17,100,36,361.36985262345695,11780.643031167156,0.030674883507411953
17,100,64,371.2872236207561,11780.643031167156,0.03151671964242271
17,100,100,377.6330656481483,11780.643031167156,0.03205538650556452
17,100,144,381.9742348894035,11780.643031167156,0.032423886699464805
17,100,225,386.00864005487,11780.643031167156,0.03276634722176337
17,100,256,387.20767403308275,11780.643031167156,0.03286812723284092
17,100,400,391.77676869598764,11780.643031167156,0.033255974878408034
17,100,576,395.7052358056842,11780.643031167156,0.03358944284779675
17,100,900,400.6606701954731,11780.643031167156,0.03401008494489439
17,100,1600,409.82330448881225,11780.643031167156,0.034787855247338684
17,100,2304,416.77210118875394,11780.643031167156,0.035377703923812266
17,100,3600,425.6441216949589,11780.643031167156,0.03613080547206672
17,100,6400,442.4108406553819,11780.643031167156,0.037554048576544506
17,100,14400,481.17672708011804,11780.643031167156,0.04084469122840792
17,100,57600,668.4817920749207,11780.643031167156,0.05674408351958115
18,100,4,235.44476003086416,12513.78275963619,0.018814835174404864
18,100,9,305.2237345679013,12513.78275963619,0.0243910047369861
18,100,16,334.6436217206791,12513.78275963619,0.026742003449195896
18,100,25,352.09407209876565,12513.78275963619,0.028136501876511878
18,100,36,361.87486702674863,12513.78275963619,0.028918103660389046
18,100,64,371.7967027874228,12513.78275963619,0.029710976283420152
18,100,100,378.4784304629628,12513.78275963619,0.030244925753686827
18,100,144,381.9288467721188,12513.78275963619,0.030520655033588143
18,100,225,385.7870963511658,12513.78275963619,0.030828975039868898
18,100,256,386.4530750747492,12513.78275963619,0.030882194656700633
18,100,400,391.2585028626543,12513.78275963619,0.031266205461443486
18,100,576,394.29043442965514,12513.78275963619,0.03150849283571215
18,100,900,399.73598044238696,12513.78275963619,0.03194365669601958
18,100,1600,407.9366820582561,12513.78275963619,0.032598990240910654
18,100,2304,413.63025343605295,12513.78275963619,0.03305397427628657
18,100,3600,423.300287199074,12513.78275963619,0.0338267249264107
18,100,6400,439.12262459056706,12513.78275963619,0.03509111777191612
18,100,14400,479.4033052539864,12513.78275963619,0.0383100229932331
18,100,57600,673.2998205960102,12513.78275963619,0.05380465951253136
19,100,4,242.46782484567916,13383.076857655866,0.018117494760330397
19,100,9,314.7573806584364,13383.076857655866,0.023519059481331275
19,100,16,345.31307773919735,13383.076857655866,0.025802218832932954
19,100,25,363.0193432098767,13383.076857655866,0.027125252815252975
19,100,36,373.461488425926,13383.076857655866,0.027905502777732703
19,100,64,383.9863972318674,13383.076857655866,0.028691936937671084
19,100,100,389.91873453703727,13383.076857655866,0.029135208493851098
19,100,144,393.87065798611127,13383.076857655866,0.029430501085465657
19,100,225,398.0784481207134,13383.076857655866,0.02974491235122739
19,100,256,399.21310921826785,13383.076857655866,0.029829695627122975
19,100,400,403.8552617515437,13383.076857655866,0.03017656298674815
19,100,576,408.81382576196006,13383.076857655866,0.030547073001982783
19,100,900,415.2134639403292,13383.076857655866,0.03102526185544574
19,100,1600,426.2747502527006,13383.076857655866,0.0318517748038522
19,100,2304,436.4000680740418,13383.076857655866,0.03260835103284912
19,100,3600,449.6900821990741,13383.076857655866,0.03360139727074991
19,100,6400,472.3362379065393,13383.076857655866,0.03529354594091991
19,100,14400,519.054634626414,13383.076857655866,0.03878440213316759
19,100,57600,736.4616460049622,13383.076857655866,0.05502932201899932
20,300,4,240.7826211419754,13187.367880117825,0.018258580736569555
20,300,9,312.17427366255146,13187.367880117825,0.023672219998746427
20,300,16,342.4988022762344,13187.367880117825,0.02597173335799701
20,300,25,360.3727772839505,13187.367880117825,0.027327119449459893
20,300,36,370.5457301954732,13187.367880117825,0.028098535929533992
20,300,64,380.43378843557093,13187.367880117825,0.028848348805764253
20,300,100,386.92091601851854,13187.367880117825,0.02934026862190346
20,300,144,390.60993473508245,13187.367880117825,0.0296200074409081
20,300,225,394.9635850754459,13187.367880117825,0.029950145371383772
20,300,256,395.72527154465666,13187.367880117825,0.030007904165719003
20,300,400,400.33217119598777,13187.367880117825,0.03035724602781089
20,300,576,403.30512520897634,13187.367880117825,0.03058268555751953
20,300,900,408.4004953806585,13187.367880117825,0.030969068209311956
20,300,1600,417.0341684239969,13187.367880117825,0.03162376087594751
20,300,2304,422.5093742083008,13187.367880117825,0.03203894651678784
20,300,3600,431.60371607767513,13187.367880117825,0.03272857176665181
20,300,6400,448.64966221788217,13187.367880117825,0.03402116831019001
20,300,14400,488.35895237590023,13187.367880117825,0.03703232948495988
20,300,57600,691.2975351516959,13187.367880117825,0.052421191357976994
21,300,4,239.54601003086444,12828.184358548513,0.018673414984968977
21,300,9,310.9998045267489,12828.184358548513,0.024243477941561013
21,300,16,340.9270175540126,12828.184358548513,0.026576404581122492
21,300,25,358.7068158024692,12828.184358548513,0.027962399492912824
21,300,36,369.16688760288037,12828.184358548513,0.02877779717570655
21,300,64,379.4966217689045,12828.184358548513,0.02958303460271161
21,300,100,385.6486526851852,12828.184358548513,0.030062606048235862
21,300,144,389.3876654449588,12828.184358548513,0.030354074634535214
21,300,225,393.4723898491083,12828.184358548513,0.030672492603125406
21,300,256,394.4101967472031,12828.184358548513,0.03074559779649362
21,300,400,398.879271751543,12828.184358548513,0.031093977183586058
21,300,576,402.87127361432607,12828.184358548513,0.031405167119059885
21,300,900,407.7503571090533,12828.184358548513,0.03178550804325902
21,300,1600,414.75251641010783,12828.184358548513,0.03233134984794032
21,300,2304,421.10656510014803,12828.184358548513,0.03282666925655218
21,300,3600,430.73378071759265,12828.184358548513,0.033577143006255444
21,300,6400,446.58228476417816,12828.184358548513,0.034812587056919114
21,300,14400,485.10940875450075,12828.184358548513,0.03781590560251272
21,300,57600,686.8053283435687,12828.184358548513,0.053538779077952035
22,300,4,238.64306558641974,12980.68504761944,0.018384473909578838
22,300,9,309.81867283950623,12980.68504761944,0.023867667361386652
22,300,16,339.99859394290115,12980.68504761944,0.02619265413925549
22,300,25,357.417501728395,12980.68504761944,0.027534563886051813
22,300,36,367.8344668209876,12980.68504761944,0.02833706121607547
22,300,64,378.0602027874229,12980.68504761944,0.02912482672528568
22,300,100,384.4209367592591,12980.68504761944,0.02961484200171385
22,300,144,388.72160114454744,12980.68504761944,0.02994615459188235
22,300,225,392.97826128943717,12980.68504761944,0.03027407720376872
22,300,256,393.7291724416471,12980.68504761944,0.030331925549172314
22,300,400,397.6994322145062,12980.68504761944,0.030637784581903964
22,300,576,401.875333863812,12980.68504761944,0.0309594857582276
22,300,900,407.5544489609052,12980.68504761944,0.03139699079561657
22,300,1600,417.2989617573304,12980.68504761944,0.032147684057233936
22,300,2304,423.9926797638566,12980.68504761944,0.03266335160343588
22,300,3600,433.35243058384776,12980.68504761944,0.033384403750195094
22,300,6400,450.49441714843755,12980.68504761944,0.03470498016828895
22,300,14400,490.2379627359821,12980.68504761944,0.037766725017790034
22,300,57600,694.6892608667155,12980.68504761944,0.05351714938913153
23,300,4,245.75691743827187,13785.238478388796,0.017827541962625204
23,300,9,319.14085390946497,13785.238478388796,0.023150912797757113
23,300,16,350.103744405864,13785.238478388796,0.025397003102610363
23,300,25,368.75177283950626,13785.238478388796,0.026749756518002987
23,300,36,379.0995285493826,13785.238478388796,0.027500396829819036
23,300,64,389.6832346161266,13785.238478388796,0.028268153302319392
23,300,100,396.5750219444445,13785.238478388796,0.02876809295436982
23,300,144,400.39990361368314,13785.238478388796,0.029045555087160266
23,300,225,404.95688235939633,13785.238478388796,0.029376124540337098
23,300,256,405.998855456694,13785.238478388796,0.029451710689893464
23,300,400,410.6591968441357,13785.238478388796,0.029789778210070773
23,300,576,414.8597024980713,13785.238478388796,0.030094488618999913
23,300,900,421.5104741872428,13785.238478388796,0.03057694466788133
23,300,1600,432.0863764332564,13785.238478388796,0.03134413504058279
23,300,2304,440.44186991624855,13785.238478388796,0.031950253933345586
23,300,3600,451.7939430529835,13785.238478388796,0.03277374880102826
23,300,6400,471.9231740581597,13785.238478388796,0.034233950671074466
23,300,14400,516.7801937056332,13785.238478388796,0.037487940053833144
23,300,57600,735.8131748546277,13785.238478388796,0.05337689123101981
24,500,4,252.22159336419756,14957.314578315973,0.016862759156636986
24,500,9,328.5078497942387,14957.314578315973,0.02196302338057966
24,500,16,361.02649903549366,14957.314578315973,0.024137120145810372
24,500,25,380.5602439506174,14957.314578315973,0.025443086187565113
24,500,36,391.7508587962964,14957.314578315973,0.026191256240891553
24,500,64,404.23308415316353,14957.314578315973,0.027025779396201995
24,500,100,411.279335277778,14957.314578315973,0.027496870051394177
24,500,144,418.44405073302465,14957.314578315973,0.02797588086698761
24,500,225,421.52315412894376,14957.314578315973,0.02818174023965755
24,500,256,424.65537976224954,14957.314578315973,0.02839115120155887
24,500,400,435.11358202932115,14957.314578315973,0.029090354404935577
24,500,576,436.7611967753345,14957.314578315973,0.02920050885394355
24,500,900,446.8574692489712,14957.314578315973,0.02987551454569209
24,500,1600,466.6488570582561,14957.314578315973,0.03119870579808288
24,500,2304,478.68454912149576,14957.314578315973,0.032003375112231565
24,500,3600,497.03714394804535,14957.314578315973,0.03323037309575702
24,500,6400,531.9540584042252,14957.314578315973,0.03556481048913777
24,500,14400,597.9154773450365,14957.314578315973,0.039974787868127803
24,500,57600,860.3489997581763,14957.314578315973,0.057520285159038356
25,500,4,242.34831558641983,13322.647917027516,0.01819070181061209
25,500,9,314.80367283950636,13322.647917027516,0.023629212060551383
25,500,16,345.18393422067885,13322.647917027516,0.025909559148486045
25,500,25,363.7567609876544,13322.647917027516,0.027303638379780438
25,500,36,373.809590277778,13322.647917027516,0.028058205291158107
25,500,64,384.3085720003857,13322.647917027516,0.028846260472680175
25,500,100,391.2533526851853,13322.647917027516,0.02936753677811519
25,500,144,394.8532045396092,13322.647917027516,0.029637742211512778
25,500,225,399.35927100137184,13322.647917027516,0.029975968252599062
25,500,256,400.5079468918789,13322.647917027516,0.030062188041462424
25,500,400,405.982077677469,13322.647917027516,0.03047307713946176
25,500,576,410.6776120916927,13322.647917027516,0.030825524674176114
25,500,900,418.5142507304526,13322.647917027516,0.03141374397469099
25,500,1600,434.9996993267748,13322.647917027516,0.03265114427971987
25,500,2304,447.3911570336615,13322.647917027516,0.03358124899944674
25,500,3600,468.509782476852,13322.647917027516,0.03516641627060153
25,500,6400,505.1295348741317,13322.647917027516,0.037915100513054294
25,500,14400,576.0239870749746,13322.647917027516,0.04323644898990127
25,500,57600,820.6101699420756,13322.647917027516,0.06159512546250386
26,500,4,243.90155632716045,13695.905711452064,0.017808355392167897
26,500,9,316.54664814814805,13695.905711452064,0.023112502000029265
26,500,16,347.56679301697505,13695.905711452064,0.02537742302988777
26,500,25,366.27889135802474,13695.905711452064,0.02674367793374588
26,500,36,376.63795859053477,13695.905711452064,0.027500040269377916
26,500,64,387.4634122781636,13695.905711452064,0.02829045558879538
26,500,100,394.39970416666677,13695.905711452064,0.028796905620990278
26,500,144,398.07625932355967,13695.905711452064,0.029065347535994022
26,500,225,402.7483019478736,13695.905711452064,0.029406474491943148
26,500,256,404.06484315924024,13695.905711452064,0.0295026011183309
26,500,400,409.66609517746923,13695.905711452064,0.029911573853412265
26,500,576,414.19907126093096,13695.905711452064,0.03024254693244503
26,500,900,423.11938986625506,13695.905711452064,0.030893859725717635
26,500,1600,438.31773168788584,13695.905711452064,0.03200355937916388
26,500,2304,450.46348118811085,13695.905711452064,0.03289037546538073
26,500,3600,471.2504494007202,13695.905711452064,0.03440812599977788
26,500,6400,506.81748305700233,13695.905711452064,0.03700503593809194
26,500,14400,573.3651624041928,13695.905711452064,0.04186398289269499
26,500,57600,822.5539045382698,13695.905711452064,0.06005837962585252
27,500,4,247.27311188271617,14277.146894315361,0.017319504640046206
27,500,9,320.93936831275727,14277.146894315361,0.022479236971396827
27,500,16,352.7831819058641,14277.146894315361,0.024709641535335714
27,500,25,371.6167180246915,14277.146894315361,0.02602878017404554
27,500,36,381.75832278806575,14277.146894315361,0.026739118509740065
27,500,64,392.8909122781636,14277.146894315361,0.02751886740302423
27,500,100,399.87094564814817,14277.146894315361,0.02800776293808129
27,500,144,403.47054918981496,14277.146894315361,0.028259886388817795
27,500,225,408.1117837585734,14277.146894315361,0.028584967765588276
27,500,256,409.4396605782214,14277.146894315361,0.028677974920972852
27,500,400,414.5660319367281,14277.146894315361,0.0290370362513951
27,500,576,419.45354753407895,14277.146894315361,0.02937936764530244
27,500,900,426.8880468621398,14277.146894315361,0.02990009488745339
27,500,1600,440.25725381751556,14277.146894315361,0.030836500953338928
27,500,2304,453.279882133327,14277.146894315361,0.031748631956277376
27,500,3600,472.7027535056588,14277.146894315361,0.03310904881800101
27,500,6400,507.8554360489008,14277.146894315361,0.03557121319884369
27,500,14400,572.7274374350574,14277.146894315361,0.04011497827084041
27,500,57600,824.2146192997147,14277.146894315361,0.057729644823356616
28,800,4,240.5794544753088,12788.806564533024,0.018811720488642283
28,800,9,312.84814197530875,12788.806564533024,0.024462653367744655
28,800,16,342.93958699845683,12788.806564533024,0.026815605136254483
28,800,25,361.2949713580246,12788.806564533024,0.028250874664098657
28,800,36,371.26436085390924,12788.806564533024,0.029030414916394957
28,800,64,381.5439070698304,12788.806564533024,0.02983420737068301
28,800,100,388.3765689814812,12788.806564533024,0.030368476293836457
28,800,144,391.9504298482511,12788.806564533024,0.030647928551460025
28,800,225,396.46496663923176,12788.806564533024,0.03100093543824028
28,800,256,397.52953138261984,12788.806564533024,0.031084177352801754
28,800,400,403.16284064043214,12788.806564533024,0.031524664839213117
28,800,576,407.6699825906638,12788.806564533024,0.03187709349840726
28,800,900,415.8083029938272,12788.806564533024,0.03251345627096911
28,800,1600,432.825008748071,12788.806564533024,0.033844049995127544
28,800,2304,446.32463231015277,12788.806564533024,0.03489963117809109
28,800,3600,469.04577928755134,12788.806564533024,0.03667627443739339
28,800,6400,514.3285732711229,12788.806564533024,0.040217089114280714
28,800,14400,592.125652411909,12788.806564533024,0.04630030561679154
28,800,57600,855.6152829892713,12788.806564533024,0.06690345019074215
29,800,4,240.7725563271605,13902.317955558223,0.017318878556571805
29,800,9,312.81981275720176,13902.317955558223,0.022501270202364684
29,800,16,342.9168948688271,13902.317955558223,0.024666166891379942
29,800,25,361.0422691358025,13902.317955558223,0.02596993323631012
29,800,36,371.4439987139915,13902.317955558223,0.026718134335683652
29,800,64,381.30499734760804,13902.317955558223,0.027427440414363433
29,800,100,388.58578009259276,13902.317955558223,0.027951150400587266
29,800,144,392.4690684799381,13902.317955558223,0.02823047708551557
29,800,225,397.1110104252401,13902.317955558223,0.028564374062993787
29,800,256,398.12450346016607,13902.317955558223,0.028637275074045742
29,800,400,403.3561874922837,13902.317955558223,0.029013592465781557
29,800,576,408.1709409882973,13902.317955558223,0.029359919856034387
29,800,900,417.01511398148176,13902.317955558223,0.029996085207845274
29,800,1600,432.4822515721449,13902.317955558223,0.031108643389877018
29,800,2304,446.76775348427844,13902.317955558223,0.032136205984675974
29,800,3600,473.5618898431073,13902.317955558223,0.03406352029618015
29,800,6400,518.4219587456599,13902.317955558223,0.0372903252826549
29,800,14400,605.8662701279577,13902.317955558223,0.043580234034694125
29,800,57600,892.2501061309911,13902.317955558223,0.06417995250743525
30,800,4,241.12459336419772,12939.882831089562,0.018634217675052515
30,800,9,313.01268518518503,12939.882831089562,0.0241897619376534
30,800,16,343.4372004243825,12939.882831089562,0.02654098224129472
30,800,25,361.38464395061743,12939.882831089562,0.027927968797549628
30,800,36,371.41694624485586,12939.882831089562,0.02870326965809024
30,800,64,381.68392500964535,12939.882831089562,0.02949670642245737
30,800,100,388.2943423148149,12939.882831089562,0.030007562462767663
30,800,144,392.6005108667698,12939.882831089562,0.030340345116843078
30,800,225,396.8435705898491,12939.882831089562,0.0306682506920686
30,800,256,398.2811189115546,12939.882831089562,0.030779345076806894
30,800,400,403.3073466589503,12939.882831089562,0.03116777423130585
30,800,576,408.0530135191618,12939.882831089562,0.031534521513499905
30,800,900,416.09993418724315,12939.882831089562,0.03215639118366011
30,800,1600,433.268199095293,12939.882831089562,0.033483162463752464
30,800,2304,449.2964738739389,12939.882831089562,0.03472183479084156
30,800,3600,472.4126676311728,12939.882831089562,0.03650826470361438
30,800,6400,515.7823376056133,12939.882831089562,0.03985989242239402
30,800,14400,598.7260380420521,12939.882831089562,0.046269819121046725
30,800,57600,865.9622695266947,12939.882831089562,0.06692195600458764
31,800,4,241.13977854938273,11842.55605758836,0.020362139505758766
31,800,9,312.84284979423876,11842.55605758836,0.026416835037380154
31,800,16,343.5798254243826,11842.55605758836,0.02901230306646738
31,800,25,361.7517758024692,11842.55605758836,0.030546764908127192
31,800,36,371.89100488683147,11842.55605758836,0.031402933883393755
31,800,64,382.80642848186733,11842.55605758836,0.0323246456778709
31,800,100,389.46810194444447,11842.55605758836,0.03288716557899549
31,800,144,393.938581597222,11842.55605758836,0.03326465837962387
31,800,225,398.8894469684503,11842.55605758836,0.03368271554119887
31,800,256,400.17593792197135,11842.55605758836,0.03379134841971472
31,800,400,406.1213523996915,11842.55605758836,0.03429338653115017
31,800,576,411.2825312660748,11842.55605758836,0.03472920282294439
31,800,900,420.04925299382734,11842.55605758836,0.03546947558881701
31,800,1600,436.9412391415899,11842.55605758836,0.03689585567649569
31,800,2304,453.285113582658,11842.55605758836,0.0382759525374766
31,800,3600,479.01510200360076,11842.55605758836,0.04044862440795981
31,800,6400,525.3654765292248,11842.55605758836,0.044362507044464115
31,800,14400,608.8360360718874,11842.55605758836,0.05141086376211521
31,800,57600,880.4368217289849,11842.55605758836,0.07434516817548244
32,1000,4,244.28854706790116,13524.344434173676,0.01806287530289648
32,1000,9,316.90556995884776,13524.344434173676,0.023432231521557694
32,1000,16,347.7377374614195,13524.344434173676,0.02571198472162144
32,1000,25,366.0661254320985,13524.344434173676,0.02706719924310067
32,1000,36,376.3317219650207,13524.344434173676,0.027826245020357188
32,1000,64,386.7947716531636,13524.344434173676,0.02859989062950809
32,1000,100,393.93219046296275,13524.344434173676,0.029127636639271353
32,1000,144,397.5191921939299,13524.344434173676,0.029392862192230754
32,1000,225,402.0595775034295,13524.344434173676,0.02972858162998974
32,1000,256,402.50898161410095,13524.344434173676,0.02976181090131293
32,1000,400,407.43724952932104,13524.344434173676,0.0301262106649545
32,1000,576,410.86580441422325,13524.344434173676,0.030379720541280842
32,1000,900,417.38020912551457,13524.344434173676,0.030861400429204322
32,1000,1600,425.3395646971452,13524.344434173676,0.031449921049214465
32,1000,2304,432.2640878946438,13524.344434173676,0.03196192540041995
32,1000,3600,441.1194808513375,13524.344434173676,0.0326166996853988
32,1000,6400,456.76036900607636,13524.344434173676,0.03377319848878752
32,1000,14400,499.6093771315579,13524.344434173676,0.03694148574544815
32,1000,57600,706.0735740174364,13524.344434173676,0.05220760070508932
33,1000,4,240.7563526234568,13227.08462720544,0.018201770035421835
33,1000,9,312.05285390946494,13227.08462720544,0.023591960186573183
33,1000,16,342.7713532021607,13227.08462720544,0.02591435398373042
33,1000,25,360.0292706172841,13227.08462720544,0.02721909481676534
33,1000,36,370.36078060699595,13227.08462720544,0.028000182280926718
33,1000,64,380.6627311439044,13227.08462720544,0.028779034978044828
33,1000,100,386.63628935185204,13227.08462720544,0.029230650611898206
33,1000,144,390.4440412165638,13227.08462720544,0.02951852598066087
33,1000,225,394.7403710836764,13227.08462720544,0.029843339043266966
33,1000,256,395.55106176456394,13227.08462720544,0.0299046292446784
33,1000,400,399.5699531404321,13227.08462720544,0.030208467277709667
33,1000,576,402.70553203768014,13227.08462720544,0.030445524723520422
33,1000,900,407.7223503189298,13227.08462720544,0.030824808475204527
33,1000,1600,415.4362004841819,13227.08462720544,0.03140799444419623
33,1000,2304,420.72322704073434,13227.08462720544,0.03180770660341824
33,1000,3600,429.6392936599795,13227.08462720544,0.03248178308138275
33,1000,6400,445.4575003833913,13227.08462720544,0.0336776782592874
33,1000,14400,484.7767762827929,13227.08462720544,0.036650311837100144
33,1000,57600,695.8139651857742,13227.08462720544,0.05260524029268139
34,1000,4,241.79996373456805,13333.056544820432,0.01813537375482754
34,1000,9,314.24864814814833,13333.056544820432,0.023569137886108062
34,1000,16,344.0756170910491,13333.056544820432,0.025806206996453043
34,1000,25,362.51554765432104,13333.056544820432,0.027189230499074835
34,1000,36,372.79150900205747,13333.056544820432,0.027959943599495038
34,1000,64,382.85510498649717,13333.056544820432,0.02871472896702197
34,1000,100,389.5153319444446,13333.056544820432,0.02921425635862632
34,1000,144,393.04728581532896,13333.056544820432,0.029479158398080765
34,1000,225,397.413748367627,13333.056544820432,0.029806649887944306
34,1000,256,398.38943416039734,13333.056544820432,0.02987982784151335
34,1000,400,402.83191962191364,13333.056544820432,0.030213021167933472
34,1000,576,405.48454213284475,13333.056544820432,0.03041197198630089
34,1000,900,410.791052170782,13333.056544820432,0.030809968501210948
34,1000,1600,418.51436303047865,13333.056544820432,0.03138922884063379
34,1000,2304,423.1740714176632,13333.056544820432,0.03173871422468811
34,1000,3600,432.1162319007201,13333.056544820432,0.03240939018357248
34,1000,6400,448.011147975984,13333.056544820432,0.033601533637088295
34,1000,14400,487.50930349215537,13333.056544820432,0.036563956798153746
34,1000,57600,692.8745322954712,13333.056544820432,0.05196666870543169
35,1000,4,244.5673618827159,14102.243742767581,0.01734244325539641
35,1000,9,317.4673395061731,14102.243742767581,0.02251183182598075
35,1000,16,348.1995777391975,14102.243742767581,0.024691076405325477
35,1000,25,366.2097713580245,14102.243742767581,0.025968191873427044
35,1000,36,376.89876311728426,14102.243742767581,0.026726155780038834
35,1000,64,387.642995611497,14102.243742767581,0.027488036845931128
35,1000,100,394.1498097222223,14102.243742767581,0.027949439600656763
35,1000,144,397.6584910622427,14102.243742767581,0.028198242656682502
35,1000,225,402.0912124005486,14102.243742767581,0.02851257003742851
35,1000,256,403.4043145134067,14102.243742767581,0.0286056830297161
35,1000,400,407.81378749228395,14102.243742767581,0.028918361852980568
35,1000,576,411.2850753761577,14102.243742767581,0.02916451331279022
35,1000,900,416.3860669444444,14102.243742767581,0.029526228204500467
35,1000,1600,424.08270219714484,14102.243742767581,0.030072002011356395
35,1000,2304,430.89525501141327,14102.243742767581,0.030555084912101342
35,1000,3600,438.5449195138887,14102.243742767581,0.031097527990097254
35,1000,6400,454.7106275708912,14102.243742767581,0.032243849692648534
35,1000,14400,499.4480542457562,14102.243742767581,0.03541621201249632
35,1000,57600,715.0873772266693,14102.243742767581,0.05070734772921551
36,1420,4,248.0564822530863,15031.445658210363,0.016502503344885844
36,1420,9,322.1108703703702,15031.445658210363,0.021429134475460732
36,1420,16,353.99235783179023,15031.445658210363,0.02355012058593547
36,1420,25,372.9995269135803,15031.445658210363,0.024814614335504272
36,1420,36,384.321569701646,15031.445658210363,0.02556783814680691
36,1420,64,396.17700602816353,15031.445658210363,0.026356547137019168
36,1420,100,405.0672508333334,15031.445658210363,0.02694799023619399
36,1420,144,410.9169589120369,15031.445658210363,0.02733715493875926
36,1420,225,418.9989691083677,15031.445658210363,0.02787482845201288
36,1420,256,421.30358766155496,15031.445658210363,0.028028148272713455
36,1420,400,432.03239869598747,15031.445658210363,0.028741906036163993
36,1420,576,444.3127053915894,15031.445658210363,0.029558880462632033
36,1420,900,456.5465935288064,15031.445658210363,0.030372766792356724
36,1420,1600,495.09989057677456,15031.445658210363,0.03293760971728922
36,1420,2304,505.0375081621335,15031.445658210363,0.03359873159547204
36,1420,3600,526.0732682175926,15031.445658210363,0.03499818182359891
36,1420,6400,615.9324952502898,15031.445658210363,0.04097626464250694
36,1420,14400,740.9864660075879,15031.445658210363,0.04929575523581471
36,1420,57600,1055.4044786258476,15031.445658210363,0.07021310542072662
37,1420,4,245.04327854938273,13686.658523087382,0.017903805968128066
37,1420,9,318.0277098765428,13686.658523087382,0.023236329695818507
37,1420,16,349.12454533179016,13686.658523087382,0.02550838429576279
37,1420,25,367.7711832098766,13686.658523087382,0.02687077949592303
37,1420,36,378.20170344650194,13686.658523087382,0.027632873488334
37,1420,64,389.0310123939041,13686.658523087382,0.02842410452030099
37,1420,100,395.6587045370368,13686.658523087382,0.02890834924168077
37,1420,144,400.03648437500016,13686.658523087382,0.029228206702183544
37,1420,225,403.99632021947883,13686.658523087382,0.02951752756437931
37,1420,256,405.1934878351661,13686.658523087382,0.029604997242509132
37,1420,400,409.9312142515434,13686.658523087382,0.029951153786736892
37,1420,576,413.50369902584845,13686.658523087382,0.030212173287463003
37,1420,900,416.7705766975312,13686.658523087382,0.030450863955910092
37,1420,1600,425.72618340084864,13686.658523087382,0.03110519508342457
37,1420,2304,430.967876201614,13686.658523087382,0.03148817335324283
37,1420,3600,439.5273633307613,13686.658523087382,0.03211356245860472
37,1420,6400,457.2433844690395,13686.658523087382,0.03340796321452289
37,1420,14400,501.8587500379375,13686.658523087382,0.03666773370515349
37,1420,57600,714.895617691563,13686.658523087382,0.05223302798748424
38,1420,4,246.48323225308644,13966.759740126514,0.017647846518397528
38,1420,9,320.01430246913566,13966.759740126514,0.02291256586520453
38,1420,16,350.77722125771623,13966.759740126514,0.02511514680459011
38,1420,25,369.44149580246926,13966.759740126514,0.026451482138771493
38,1420,36,379.7615954218106,13966.759740126514,0.027190386495355483
38,1420,64,390.4331130883489,13966.759740126514,0.027954451880963783
38,1420,100,397.01342527777774,13966.759740126514,0.028425592812136503
38,1420,144,400.35360654578176,13966.759740126514,0.02866474500850512
38,1420,225,405.02581997256556,13966.759740126514,0.02899926880025909
38,1420,256,405.52613019627705,13966.759740126514,0.029035090295940303
38,1420,400,410.055244158951,13966.759740126514,0.02935936837095163
38,1420,576,413.1901365901493,13966.759740126514,0.029583822180534375
38,1420,900,418.46182381687265,13966.759740126514,0.029961267438046595
38,1420,1600,426.0363735397379,13966.759740126514,0.030503594353079262
38,1420,2304,431.5219331717785,13966.759740126514,0.03089635256859296
38,1420,3600,440.28788292952675,13966.759740126514,0.03152398202029489
38,1420,6400,458.21689183593776,13966.759740126514,0.03280767338751308
38,1420,14400,500.3172125096446,13966.759740126514,0.035821996069155024
38,1420,57600,718.5901897279555,13966.759740126514,0.05145002871807447
39,1420,4,244.9758804012345,13815.478878487598,0.017731986169707958
39,1420,9,318.27161111111104,13815.478878487598,0.0230373202340962
39,1420,16,348.9232258873458,13815.478878487598,0.025255963181317023
39,1420,25,367.4345772839509,13815.478878487598,0.026595862547775434
39,1420,36,377.9699513888892,13815.478878487598,0.02735844010282083
39,1420,64,388.13583473186685,13815.478878487598,0.028094272963367355
39,1420,100,394.7649352777784,13815.478878487598,0.0285741043614837
39,1420,144,398.6769524819957,13815.478878487598,0.028857266258268097
39,1420,225,402.4451732235943,13815.478878487598,0.029130019796146985
39,1420,256,403.550456874518,13815.478878487598,0.02921002307801981
39,1420,400,407.6922531404321,13815.478878487598,0.029509816976033974
39,1420,576,411.4192799800669,13815.478878487598,0.029779588793023844
39,1420,900,416.3093129526749,13815.478878487598,0.030133541994039725
39,1420,1600,424.74413914158987,13815.478878487598,0.030744076472294334
39,1420,2304,430.58470204394916,13815.478878487598,0.031166831481637784
39,1420,3600,439.5206540612137,13815.478878487598,0.031813638740065785
39,1420,6400,456.5770478833917,13815.478878487598,0.03304822452404009
39,1420,14400,498.5265756295016,13815.478878487598,0.03608463955641587
39,1420,57600,711.4208706140153,13815.478878487598,0.0514944778151545
40,3000,4,245.10488040123457,13669.590015809821,0.01793066800962969
40,3000,9,318.3964259259258,13669.590015809821,0.02329231714760124
40,3000,16,349.5976309799381,13669.590015809821,0.025574843910871094
40,3000,25,367.9323017283948,13669.590015809821,0.026916118281737476
40,3000,36,378.11631661522654,13669.590015809821,0.027661130741880993
40,3000,64,388.919507185571,13669.590015809821,0.028451439050897562
40,3000,100,395.91125935185204,13669.590015809821,0.028962921264935777
40,3000,144,399.4746255787038,13669.590015809821,0.029223599619058356
40,3000,225,403.83761355281194,13669.590015809821,0.029542774368927376
40,3000,256,404.79638829812876,13669.590015809821,0.029612913615547642
40,3000,400,408.89823462191356,13669.590015809821,0.02991298452616316
40,3000,576,412.58761730002584,13669.590015809821,0.030182881624309134
40,3000,900,419.2144316358027,13669.590015809821,0.03066766678085827
40,3000,1600,429.2670118499229,13669.590015809821,0.031403064126535325
40,3000,2304,437.48473872733405,13669.590015809821,0.032004232623023286
40,3000,3600,449.9881443595675,13669.590015809821,0.03291892030698253
40,3000,6400,472.6077384389466,13669.590015809821,0.03457365860222167
40,3000,14400,519.8429288085136,13669.590015809821,0.038029152901241335
40,3000,57600,745.1572011695715,13669.590015809821,0.05451203732575344
41,3000,4,244.6972415123456,13487.818851531794,0.018142091334845862
41,3000,9,318.11240123456787,13487.818851531794,0.023585162637207294
41,3000,16,348.56415412808667,13487.818851531794,0.025842885196259935
41,3000,25,367.1650883950618,13487.818851531794,0.02722197654318017
41,3000,36,377.2615686728397,13487.818851531794,0.027970539404893816
41,3000,64,388.1608127411267,13487.818851531794,0.028778619954333368
41,3000,100,394.6575800925926,13487.818851531794,0.029260296600719236
41,3000,144,398.02558828446536,13487.818851531794,0.029510004001815467
41,3000,225,402.3475370096024,13487.818851531794,0.029830437481291373
41,3000,256,403.50886688609205,13487.818851531794,0.0299165396071631
41,3000,400,408.0703244367283,13487.818851531794,0.030254730503767424
41,3000,576,411.5014903710135,13487.818851531794,0.03050912048127632
41,3000,900,416.6727462037035,13487.818851531794,0.030892522415244518
41,3000,1600,426.7411769888118,13487.818851531794,0.03163900566030714
41,3000,2304,435.0023203888569,13487.818851531794,0.03225149486193272
41,3000,3600,446.05184828960904,13487.818851531794,0.03307071760078921
41,3000,6400,466.45374651186336,13487.818851531794,0.03458333416591585
41,3000,14400,511.1594987982259,13487.818851531794,0.037897862095039495
41,3000,57600,727.3197875481711,13487.818851531794,0.05392419601376618
42,3000,4,244.96406558641982,13704.789569975013,0.017874339794541366
42,3000,9,318.22161934156367,13704.789569975013,0.023219737721382895
42,3000,16,348.6872513503085,13704.789569975013,0.025442729315175047
42,3000,25,367.2874098765433,13704.789569975013,0.026799930637476613
42,3000,36,377.53712217078146,13704.789569975013,0.027547823353516094
42,3000,64,387.8817600790895,13704.789569975013,0.0283026425249809
42,3000,100,394.32802379629624,13704.789569975013,0.028773008281732793
42,3000,144,398.14454790380665,13704.789569975013,0.029051489325752015
42,3000,225,402.03909174211213,13704.789569975013,0.029335663250380367
42,3000,256,403.44317171826765,13704.789569975013,0.029438115022367557
42,3000,400,407.09073860339487,13704.789569975013,0.02970426773244772
42,3000,576,411.11745950681563,13704.789569975013,0.029998086246249833
42,3000,900,416.5566099897119,13704.789569975013,0.030394965779140477
42,3000,1600,426.1380196971453,13704.789569975013,0.031094094332593407
42,3000,2304,434.07968887844,13704.789569975013,0.03167357562566584
42,3000,3600,444.9719529089505,13704.789569975013,0.03246835353705922
42,3000,6400,467.12750365306715,13704.789569975013,0.034084981842878365
42,3000,14400,515.0720291274438,13704.789569975013,0.03758335919698349
42,3000,57600,743.48610237456,13704.789569975013,0.054250092537241015
43,3000,4,246.72124151234556,14337.785442064454,0.017207764930594532
43,3000,9,320.4174794238685,14337.785442064454,0.022347766377073957
43,3000,16,351.7768902391974,14337.785442064454,0.024534952881018014
43,3000,25,370.6871995061726,14337.785442064454,0.025853867112465206
43,3000,36,381.6406530349796,14337.785442064454,0.026617824250271968
43,3000,64,392.7534128568677,14337.785442064454,0.027392892329424923
43,3000,100,400.8633167592594,14337.785442064454,0.02795852388634575
43,3000,144,406.4174463091564,14337.785442064454,0.02834590097274029
43,3000,225,412.46120367626855,14337.785442064454,0.028767427532161445
43,3000,256,414.5592440562312,14337.785442064454,0.028913756990670943
43,3000,400,423.6580513811725,14337.785442064454,0.029548360386133055
43,3000,576,430.74241758294784,14337.785442064454,0.030042465018288524
43,3000,900,442.656224516461,14337.785442064454,0.030873402751431064
43,3000,1600,467.2490784471449,14337.785442064454,0.03258865048128849
43,3000,2304,487.09899814734433,14337.785442064454,0.03397309857338808
43,3000,3600,512.4309070241773,14337.785442064454,0.035739892265426024
43,3000,6400,547.7178150072335,14337.785442064454,0.0382010051148017
43,3000,14400,608.9275651613942,14337.785442064454,0.04247012675855168
43,3000,57600,847.0490647543189,14337.785442064454,0.05907809599864921
