,ATP uM,Ratio
0,0,1.0841226967858588
1,0,1.0915375122957645
2,0,1.087303579527195
3,0,1.0853521453930486
4,30,1.7515569287092618
5,30,1.75646748588811
6,30,1.7584385850857855
7,30,1.7556683103720159
8,50,2.0987410637185864
9,50,2.064745245042534
10,50,2.0632455635293456
11,50,2.0690979771840494
12,70,2.3678025153541284
13,70,2.3668167371694433
14,70,2.3640682306529124
15,70,2.3694518824901443
16,100,2.6936191509661427
17,100,2.682063808437988
18,100,2.6890168930946654
19,100,2.7107945754412195
20,300,3.3486391359165704
21,300,3.359567347573712
22,300,3.363991437314605
23,300,3.3715595178977282
24,500,3.438871757313669
25,500,3.3992795060919634
26,500,3.4170912626299352
27,500,3.432805665277288
28,800,3.4306220928811
29,800,3.427986088013641
30,800,3.449045788187467
31,800,3.441488262889688
32,1000,3.4966918519453247
33,1000,3.4974043569972317
34,1000,3.508271912623941
35,1000,3.5260101375484725
36,1420,3.588281466231324
37,1420,3.5705839140048825
38,1420,3.577954562049201
39,1420,3.5690170955838614
40,3000,3.6321992465641095
41,3000,3.613906286487345
42,3000,3.6094883007541663
43,3000,3.636583808210634
