,ATP uM,Ratio
0,0,1.0996636679094964
1,0,1.1069107158636995
2,0,1.1035147896266178
3,0,1.1023703788278436
4,1000,3.562539082049112
5,1000,3.5467893639685535
6,1000,3.5307613773653386
7,1000,3.540062493649675
8,100,2.7265541401077216
9,100,2.7116035330250954
10,100,2.7259340652163737
11,100,2.7444989476259947
12,1420,3.616712567416812
13,1420,3.6095138050788607
14,1420,3.6072003969166175
15,1420,3.634793478640786
16,3000,3.6736032854408913
17,3000,3.6597705197688706
18,3000,3.6534211045027383
19,3000,3.64025580825173
20,300,3.405143006329649
21,300,3.398396306315885
22,300,3.3885513361015813
23,300,3.385274413745244
24,30,1.7750925534910769
25,30,1.7786739024211013
26,30,1.7814063065015626
27,30,1.7776465401587733
28,500,3.425267762188761
29,500,3.447759533661121
30,500,3.4656952225697166
31,500,3.4772127007060174
32,50,2.097172308457483
33,50,2.087227826439871
34,50,2.089417082217943
35,50,2.1225480041231353
36,70,2.398411606755405
37,70,2.3963390956409705
38,70,2.394854055341143
39,70,2.397282498121811
40,800,3.453788497839563
41,800,3.458216603264793
42,800,3.4775105675368154
43,800,3.4707506128608143
