im,ATP,N_B,Var_In,Var_Tot,frac_var_in
0,0,4,203.24601003086428,5359.291040225469,0.03792404788345168
0,0,9,262.78474691358014,5359.291040225469,0.04903349061306523
0,0,16,287.0393207947532,5359.291040225469,0.053559196289268377
0,0,25,302.0481387654323,5359.291040225469,0.05635971931703954
0,0,36,310.43917258230454,5359.291040225469,0.05792541779355281
0,0,64,318.1802473476084,5359.291040225469,0.05936983921183394
0,0,100,323.3232430555557,5359.291040225469,0.060329480266843885
0,0,144,325.8136772762344,5359.291040225469,0.060794174981496654
0,0,225,328.03514178326475,5359.291040225469,0.06120868214118561
0,0,256,328.8222261164159,5359.291040225469,0.061355545658625416
0,0,400,330.85205628858046,5359.291040225469,0.06173429541431683
0,0,576,332.6842444862399,5359.291040225469,0.06207616678944975
0,0,900,334.62451587448567,5359.291040225469,0.062438205606465395
0,0,1600,338.1241288638116,5359.291040225469,0.06309120484891347
0,0,2304,340.932812801408,5359.291040225469,0.06361528236523327
0,0,3600,345.32522354681095,5359.291040225469,0.06443487038768525
0,0,6400,353.21798806278974,5359.291040225469,0.06590759587632501
0,0,14400,369.8152849864969,5359.291040225469,0.06900451612177019
0,0,57600,440.1651350192365,5359.291040225469,0.08213122439432184
1,0,4,203.09827854938263,5294.566720110723,0.03835975430773972
1,0,9,263.0121913580247,5294.566720110723,0.04967586683892511
1,0,16,287.0470129243825,5294.566720110723,0.054215392514381164
1,0,25,302.36445135802444,5294.566720110723,0.05710844103815567
1,0,36,310.8083804012348,5294.566720110723,0.05870327013175027
1,0,64,318.6822953800155,5294.566720110723,0.06019043903432972
1,0,100,323.9276237962963,5294.566720110723,0.06118113925468148
1,0,144,326.4335929140948,5294.566720110723,0.061654448828490395
1,0,225,329.0407470507543,5294.566720110723,0.062146869506986446
1,0,256,330.00788178771217,5294.566720110723,0.062329535018270744
1,0,400,331.6150437885798,5294.566720110723,0.06263308431433741
1,0,576,333.2358975212191,5294.566720110723,0.06293921960704847
1,0,900,335.686593940329,5294.566720110723,0.06340208966774696
1,0,1600,339.1117641415896,5294.566720110723,0.064049011386242
1,0,2304,341.82640375434016,5294.566720110723,0.06456173315485043
1,0,3600,346.4506383204729,5294.566720110723,0.06543512559857358
1,0,6400,354.6542700188078,5294.566720110723,0.06698456904352526
1,0,14400,369.74995360275216,5294.566720110723,0.0698357340928966
1,0,57600,436.6222972916131,5294.566720110723,0.08246610541957289
2,0,4,204.2345563271603,5354.2563293459025,0.038144336722876024
2,0,9,264.55779218107006,5354.2563293459025,0.04941074463153121
2,0,16,289.45539949845676,5354.2563293459025,0.0540608035353096
2,0,25,304.27670913580243,5354.2563293459025,0.056828939523889795
2,0,36,312.48975694444465,5354.2563293459025,0.05836286829073416
2,0,64,320.82286077353376,5354.2563293459025,0.05991921959640785
2,0,100,325.93411601851886,5354.2563293459025,0.06087383493990029
2,0,144,328.1473845807612,5354.2563293459025,0.06128720113421409
2,0,225,330.85893618655706,5354.2563293459025,0.06179363030738129
2,0,256,331.3926054566934,5354.2563293459025,0.061893302276243026
2,0,400,333.3263538811726,5354.2563293459025,0.06225446324903408
2,0,576,334.6342271251287,5354.2563293459025,0.06249873120400438
2,0,900,336.4512952572014,5354.2563293459025,0.06283810011357892
2,0,1600,339.6357872202931,5354.2563293459025,0.0634328590805036
2,0,2304,341.4861234527711,5354.2563293459025,0.06377844138337853
2,0,3600,345.09627980195495,5354.2563293459025,0.06445270053854768
2,0,6400,351.35170034866917,5354.2563293459025,0.06562100854659525
2,0,14400,365.7775262030607,5354.2563293459025,0.06831528109670192
2,0,57600,431.14257810308385,5354.2563293459025,0.08052333537713798
3,0,4,203.63242669753092,5552.76006733613,0.03667228985732515
3,0,9,263.0025864197532,5552.76006733613,0.04736429869658055
3,0,16,287.6506425540122,5552.76006733613,0.05180318239322182
3,0,25,302.7307061728394,5552.76006733613,0.05451896039118269
3,0,36,310.6171869855967,5552.76006733613,0.055939241605771656
3,0,64,318.7827195698303,5552.76006733613,0.057409777426735184
3,0,100,323.9633175000001,5552.76006733613,0.05834275451692937
3,0,144,326.2674475951647,5552.76006733613,0.058757706732984694
3,0,225,328.869594951989,5552.76006733613,0.05922632906228923
3,0,256,329.3144306881751,5552.76006733613,0.05930643980555776
3,0,400,331.41546258487637,5552.76006733613,0.059684815941249365
3,0,576,332.36889038387375,5552.76006733613,0.059856519344140095
3,0,900,334.07995916666664,5552.76006733613,0.06016466678109819
3,0,1600,336.87864731288596,5552.76006733613,0.06066868426290557
3,0,2304,338.81762964168587,5552.76006733613,0.06101787679153757
3,0,3600,341.8792966023661,5552.76006733613,0.06156925429093473
3,0,6400,348.09311897714116,5552.76006733613,0.06268830541135458
3,0,14400,361.4988746649947,5552.76006733613,0.06510255625693177
3,0,57600,429.24564875894754,5552.76006733613,0.07730311476700864
4,30,4,180.3931026234567,3166.2370814589453,0.05697397193653446
4,30,9,232.52926131687255,3166.2370814589453,0.07344025584139999
4,30,16,253.95537403549358,3166.2370814589453,0.08020731470887692
4,30,25,267.3960098765432,3166.2370814589453,0.08445230189564071
4,30,36,274.28690612139917,3166.2370814589453,0.08662866963677043
4,30,64,281.37891690779304,3166.2370814589453,0.08886855584994244
4,30,100,285.71115453703715,3166.2370814589453,0.09023681650692644
4,30,144,287.8174277906378,3166.2370814589453,0.09090204567309808
4,30,225,289.7147351989025,3166.2370814589453,0.09150127667174156
4,30,256,290.49161312451776,3166.2370814589453,0.09174663982858303
4,30,400,291.98995341820995,3166.2370814589453,0.0922198641182189
4,30,576,293.0109654224536,3166.2370814589453,0.09254233270726504
4,30,900,294.5692641872428,3166.2370814589453,0.09303449381987232
4,30,1600,297.25620566936715,3166.2370814589453,0.09388311677923904
4,30,2304,300.0056823358732,3166.2370814589453,0.09475149037090928
4,30,3600,304.1096399871399,3166.2370814589453,0.09604765283306314
4,30,6400,310.3838270500579,3166.2370814589453,0.09802924388310132
4,30,14400,323.59822999164123,3166.2370814589453,0.10220277940858837
4,30,57600,367.7853831635265,3166.2370814589453,0.11615851046569689
5,30,4,180.7948433641975,3125.746250325297,0.057840537550155315
5,30,9,233.3449115226339,3125.746250325297,0.07465254465180904
5,30,16,254.30963329475307,3125.746250325297,0.08135965396048608
5,30,25,268.0869609876544,3125.746250325297,0.08576734626483341
5,30,36,275.1358896604936,3125.746250325297,0.08802246491757294
5,30,64,281.8751350790892,3125.746250325297,0.09017850858807058
5,30,100,286.68361712962945,3125.746250325297,0.0917168554868439
5,30,144,288.38510037294236,3125.746250325297,0.09226120013514535
5,30,225,290.702495857339,3125.746250325297,0.09300258964625985
5,30,256,291.0950095365547,3125.746250325297,0.09312816403643143
5,30,400,292.98920128858026,3125.746250325297,0.09373416068501685
5,30,576,293.8148349569186,3125.746250325297,0.09399830038229791
5,30,900,295.8060444753083,3125.746250325297,0.09463533530417695
5,30,1600,299.10423448881187,3125.746250325297,0.09569050413407168
5,30,2304,301.42576722849145,3125.746250325297,0.09643321725079956
5,30,3600,304.58657382458864,3125.746250325297,0.09744443388291364
5,30,6400,311.852635146123,3125.746250325297,0.09976901839478124
5,30,14400,323.94043551376006,3125.746250325297,0.10363619103119696
5,30,57600,367.5963575012326,3125.746250325297,0.1176027508512493
6,30,4,181.86627854938268,3145.494027291667,0.05781803334275385
6,30,9,234.75416666666666,3145.494027291667,0.07463189077131857
6,30,16,255.95111477623456,3145.494027291667,0.08137072032421361
6,30,25,269.693608395062,3145.494027291667,0.08573966634655274
6,30,36,276.95760365226323,3145.494027291667,0.08804900001375277
6,30,64,283.90688044946006,3145.494027291667,0.09025827993509482
6,30,100,288.12938009259244,3145.494027291667,0.0916006762666396
6,30,144,290.3551196630658,3145.494027291667,0.09230827245062911
6,30,225,292.575890096022,3145.494027291667,0.09301428887084415
6,30,256,293.03266781201773,3145.494027291667,0.09315950539709805
6,30,400,294.7272816589503,3145.494027291667,0.09369824870172026
6,30,576,295.63105055619866,3145.494027291667,0.09398557046720667
6,30,900,297.3963611831278,3145.494027291667,0.09454678934462704
6,30,1600,300.16527853973764,3145.494027291667,0.09542706994048433
6,30,2304,302.1783517353073,3145.494027291667,0.0960670562758909
6,30,3600,305.47500804269566,3145.494027291667,0.09711511304496602
6,30,6400,312.49341849681724,3145.494027291667,0.09934637159870251
6,30,14400,324.703104855324,3145.494027291667,0.10322801507110152
6,30,57600,369.26608877566713,3145.494027291667,0.11739525987706693
7,30,4,182.86279706790125,3202.557226220036,0.05709899438197812
7,30,9,236.2827386831277,3202.557226220036,0.07377939627389928
7,30,16,257.4869434799383,3202.557226220036,0.08040041919371071
7,30,25,270.9026943209876,3202.557226220036,0.08458949370304708
7,30,36,278.30888040123455,3202.557226220036,0.08690207878961816
7,30,64,285.156419222608,3202.557226220036,0.08904022600688291
7,30,100,289.3524975000001,3202.557226220036,0.09035045342234885
7,30,144,291.5741124614197,3202.557226220036,0.09104415373884304
7,30,225,293.42763445816155,3202.557226220036,0.09162291685400822
7,30,256,294.0337609833139,3202.557226220036,0.09181218014653893
7,30,400,295.7294086033952,3202.557226220036,0.09234164691334597
7,30,576,297.1004573849025,3202.557226220036,0.09276975754015451
7,30,900,298.73784694444447,3202.557226220036,0.0932810332001603
7,30,1600,301.664348146219,3202.557226220036,0.09419483457670236
7,30,2304,303.8744251824524,3202.557226220036,0.09488493217063104
7,30,3600,307.4652744110084,3202.557226220036,0.09600617653096813
7,30,6400,314.2502367201965,3202.557226220036,0.09812478420287424
7,30,14400,326.9686884149948,3202.557226220036,0.1020961267258648
7,30,57600,371.00213377695275,3202.557226220036,0.11584559074837983
8,50,4,166.47083410493835,2284.5544388099584,0.07286796553276895
8,50,9,214.16797736625523,2284.5544388099584,0.09374605994410751
8,50,16,233.1395916280865,2284.5544388099584,0.10205035505721223
8,50,25,245.47943950617318,2284.5544388099584,0.1074517793649274
8,50,36,251.91525591563774,2284.5544388099584,0.11026887853320856
8,50,64,258.0890262827933,2284.5544388099584,0.1129712743537133
8,50,100,262.2001952777777,2284.5544388099584,0.11477082393990129
8,50,144,264.0384133873457,2284.5544388099584,0.11557545265801822
8,50,225,266.14170063100124,2284.5544388099584,0.11649610799803767
8,50,256,266.3257232228972,2284.5544388099584,0.11657665875610662
8,50,400,267.9247882330247,2284.5544388099584,0.1172766048738102
8,50,576,268.7344834908694,2284.5544388099584,0.1176310263943
8,50,900,270.2900445164609,2284.5544388099584,0.11831192985589656
8,50,1600,271.8855931462192,2284.5544388099584,0.11901033677614899
8,50,2304,272.980509174865,2284.5544388099584,0.1194896057355773
8,50,3600,274.7592200077161,2284.5544388099584,0.12026818680269238
8,50,6400,278.72489889612274,2284.5544388099584,0.12200405215176778
8,50,14400,285.44100523855445,2284.5544388099584,0.12494384042222378
8,50,57600,316.6365992283415,2284.5544388099584,0.13859884179134724
9,50,4,166.92785262345683,2299.542112604099,0.07259177890611476
9,50,9,214.87572222222215,2299.542112604099,0.09344282978966093
9,50,16,233.9922027391975,2299.542112604099,0.1017559980557237
9,50,25,246.02887506172837,2299.542112604099,0.10699037591580127
9,50,36,252.34570859053488,2299.542112604099,0.10973737215221854
9,50,64,258.56635730131177,2299.542112604099,0.11244254057539317
9,50,100,262.5399752777778,2299.542112604099,0.11417054457874935
9,50,144,264.23755870627576,2299.542112604099,0.11490877129753536
9,50,225,266.01727264746233,2299.542112604099,0.11568271404528142
9,50,256,266.2333877194251,2299.542112604099,0.11577669583008031
9,50,400,267.7926685108024,2299.542112604099,0.11645477899404182
9,50,576,268.8613157953959,2299.542112604099,0.11691950076570937
9,50,900,269.7448717592593,2299.542112604099,0.11730373202593308
9,50,1600,271.39176298418204,2299.542112604099,0.11801991426756106
9,50,2304,272.383276986079,2299.542112604099,0.11845109315159295
9,50,3600,274.1803852546294,2299.542112604099,0.1192326001562702
9,50,6400,277.46245823061327,2299.542112604099,0.12065987255019348
9,50,14400,283.39477459812235,2299.542112604099,0.12323965412279146
9,50,57600,311.95703810308424,2299.542112604099,0.13566050232052973
10,50,4,166.6175841049383,2307.7510564945005,0.07219911508047677
10,50,9,214.0956728395061,2307.7510564945005,0.09277242978049799
10,50,16,233.64012866512346,2307.7510564945005,0.10124147836813274
10,50,25,245.5648943209877,2307.7510564945005,0.10640874527168606
10,50,36,251.79142875514407,2307.7510564945005,0.10910684150552098
10,50,64,258.224159384645,2307.7510564945005,0.11189428714936453
10,50,100,261.7989660185184,2307.7510564945005,0.11344333058878281
10,50,144,264.21633005401236,2307.7510564945005,0.11449082833716037
10,50,225,265.9575867215363,2307.7510564945005,0.11524535368452125
10,50,256,266.12447698447124,2307.7510564945005,0.11531767095742003
10,50,400,267.2790241589505,2307.7510564945005,0.11581796199671134
10,50,576,268.51287508037564,2307.7510564945005,0.11635261711817811
10,50,900,269.5154992489712,2307.7510564945005,0.11678707653084915
10,50,1600,271.07624184992255,2307.7510564945005,0.11746338110735842
10,50,2304,272.37012208638765,2307.7510564945005,0.11802404826979947
10,50,3600,274.3822663040124,2307.7510564945005,0.11889595523392461
10,50,6400,277.2050777792246,2307.7510564945005,0.12011914240017821
10,50,14400,284.2266099299125,2307.7510564945005,0.12316172887454156
10,50,57600,311.4439716466801,2307.7510564945005,0.13495561870515052
11,50,4,168.65968595678999,2359.771378229906,0.07147289246439785
11,50,9,217.0776316872428,2359.771378229906,0.09199095882333969
11,50,16,236.76087403549377,2359.771378229906,0.100332123789505
11,50,25,249.4307387654321,2359.771378229906,0.10570123066435919
11,50,36,255.96134027777782,2359.771378229906,0.10846870279008876
11,50,64,262.39088797260825,2359.771378229906,0.11119335135314291
11,50,100,266.8913197222222,2359.771378229906,0.11310049871120172
11,50,144,269.1674316486625,2359.771378229906,0.11406504635655355
11,50,225,271.1852655692731,2359.771378229906,0.11492014356606552
11,50,256,271.9248473548418,2359.771378229906,0.1152335560399991
11,50,400,273.27795295524675,2359.771378229906,0.11580696141854045
11,50,576,275.1171947820218,2359.771378229906,0.1165863766804353
11,50,900,275.9328003189301,2359.771378229906,0.11693200572926295
11,50,1600,277.55220032214515,2359.771378229906,0.11761825865111582
11,50,2304,278.51304646910376,2359.771378229906,0.1180254362937565
11,50,3600,280.3056759130659,2359.771378229906,0.11878509863244748
11,50,6400,283.1440335489004,2359.771378229906,0.1199879090665513
11,50,14400,288.73483169688785,2359.771378229906,0.12235712084679637
11,50,57600,315.88685928492595,2359.771378229906,0.13386333193085706
12,70,4,163.20349151234558,2112.3714946349,0.07726079050340219
12,70,9,209.80315432098772,2112.3714946349,0.09932114443593638
12,70,16,228.1365360725309,2112.3714946349,0.10800019629689321
12,70,25,239.8414632098766,2112.3714946349,0.11354132728028056
12,70,36,246.33526620370387,2112.3714946349,0.11661550386821527
12,70,64,252.10654595871927,2112.3714946349,0.1193476368143725
12,70,100,256.04567490740754,2112.3714946349,0.12121242667671114
12,70,144,257.9149033564817,2112.3714946349,0.12209732237513432
12,70,225,259.6631756927299,2112.3714946349,0.12292495725881294
12,70,256,259.9119439983602,2112.3714946349,0.12304272456738632
12,70,400,261.1817884182098,2112.3714946349,0.12364387092022948
12,70,576,262.1572192161782,2112.3714946349,0.1241056413997336
12,70,900,263.07747739711925,2112.3714946349,0.1245412930752454
12,70,1600,264.16050425733044,2112.3714946349,0.12505399970045877
12,70,2304,265.2980940353332,2112.3714946349,0.12559253649708382
12,70,3600,266.3432299665638,2112.3714946349,0.12608730549670585
12,70,6400,269.01749293547454,2112.3714946349,0.12735330580759008
12,70,14400,273.82198996334847,2112.3714946349,0.1296277622846239
12,70,57600,297.7071900038045,2112.3714946349,0.14093505368725867
13,70,4,163.12627854938273,2022.917124816742,0.08063913076229483
13,70,9,210.52026131687245,2022.917124816742,0.10406766482633029
13,70,16,229.20664718364196,2022.917124816742,0.11330501105150613
13,70,25,242.4933595061729,2022.917124816742,0.11987310628364996
13,70,36,249.48310468106982,2022.917124816742,0.1233283863290597
13,70,64,256.38778033371904,2022.917124816742,0.12674161347907192
13,70,100,261.5054419444445,2022.917124816742,0.12927145592686332
13,70,144,267.55832748199583,2022.917124816742,0.1322636128784733
13,70,225,266.40743758573393,2022.917124816742,0.1316946870029923
13,70,256,270.33400461757316,2022.917124816742,0.13363572896841386
13,70,400,273.29612397376553,2022.917124816742,0.13510001008989614
13,70,576,272.8187975983796,2022.917124816742,0.1348640506580785
13,70,900,275.69239204732514,2022.917124816742,0.13628457076426223
13,70,1600,278.29248071566354,2022.917124816742,0.13756988721961327
13,70,2304,278.5983986585325,2022.917124816742,0.1377211133569157
13,70,3600,280.2122383307614,2022.917124816742,0.1385188917989639
13,70,6400,283.0074052213542,2022.917124816742,0.13990064236911934
13,70,14400,287.1799352205504,2022.917124816742,0.14196327259158792
13,70,57600,310.1653441421785,2022.917124816742,0.15332577906288508
14,70,4,162.30348225308643,1981.3310782294234,0.0819163864315527
14,70,9,209.30414609053494,1981.3310782294234,0.1056381482077066
14,70,16,228.11573514660498,1981.3310782294234,0.11513256802616552
14,70,25,239.70310765432117,1981.3310782294234,0.12098084479072878
14,70,36,246.40202752057624,1981.3310782294234,0.12436186472215863
14,70,64,252.14668369020066,1981.3310782294234,0.12726125707144637
14,70,100,255.98941935185184,1981.3310782294234,0.12920072882549827
14,70,144,257.79408288323026,1981.3310782294234,0.1301115627346858
14,70,225,259.35758441700955,1981.3310782294234,0.1309006794809776
14,70,256,259.803056122203,1981.3310782294234,0.13112551404299919
14,70,400,261.25950360339505,1981.3310782294234,0.1318605994091933
14,70,576,261.8225066390175,1981.3310782294234,0.1321447533508584
14,70,900,262.7454535288066,1981.3310782294234,0.13261057498961948
14,70,1600,264.06997985918224,1981.3310782294234,0.13327907827255356
14,70,2304,264.6407986713927,1981.3310782294234,0.13356717692425418
14,70,3600,266.3258228266462,1981.3310782294234,0.13441762749951053
14,70,6400,268.1426876692708,1981.3310782294234,0.13533461954722434
14,70,14400,272.80631587898677,1981.3310782294234,0.137688404970044
14,70,57600,294.42398424377285,1981.3310782294234,0.14859908446339967
15,70,4,164.6850192901234,1995.4102746146161,0.08253190904408361
15,70,9,212.07902674897124,1995.4102746146161,0.10628341922812398
15,70,16,231.14509857253108,1995.4102746146161,0.11583838246857445
15,70,25,243.12743654320968,1995.4102746146161,0.12184333198853861
15,70,36,249.67482073045264,1995.4102746146161,0.12512455403622377
15,70,64,255.78151007908951,1995.4102746146161,0.12818492183442823
15,70,100,259.4832541666666,1995.4102746146161,0.13004005114526232
15,70,144,261.163186535494,1995.4102746146161,0.13088194937050415
15,70,225,262.92508779149523,1995.4102746146161,0.13176492630934022
15,70,256,263.1348466314623,1995.4102746146161,0.1318700469667988
15,70,400,264.5659007330248,1995.4102746146161,0.13258721983082994
15,70,576,265.19282428305047,1995.4102746146161,0.13290140261218636
15,70,900,266.1720049279835,1995.4102746146161,0.13339211906152515
15,70,1600,267.1021019888118,1995.4102746146161,0.13385823726922455
15,70,2304,267.6554185112847,1995.4102746146161,0.13413553188352625
15,70,3600,268.81617711676955,1995.4102746146161,0.13471724614061506
15,70,6400,270.6905063961227,1995.4102746146161,0.13565656639129142
15,70,14400,274.7614908944187,1995.4102746146161,0.13769674056002584
15,70,57600,296.6837082728378,1995.4102746146161,0.14868306134693923
16,100,4,159.6548341049383,1792.5781768494066,0.08906436336603399
16,100,9,205.59585390946495,1792.5781768494066,0.11469282431565433
16,100,16,223.72386246141957,1792.5781768494066,0.12480563768472926
16,100,25,235.09504246913585,1792.5781768494066,0.13114911556177336
16,100,36,241.30159336419754,1792.5781768494066,0.13461147551640038
16,100,64,247.05259456983038,1792.5781768494066,0.13781970446836758
16,100,100,250.95068083333334,1792.5781768494066,0.13999427421034344
16,100,144,252.7065602494857,1792.5781768494066,0.14097380159655676
16,100,225,254.20234063100153,1792.5781768494066,0.14180823124700848
16,100,256,254.21763395785095,1792.5781768494066,0.1418167627169588
16,100,400,255.8979082330247,1792.5781768494066,0.1427541133423731
16,100,576,256.7289746817131,1792.5781768494066,0.14321772851934075
16,100,900,257.40126426954737,1792.5781768494066,0.1435927691153475
16,100,1600,258.778535808256,1792.5781768494066,0.14436108792927463
16,100,2304,259.55256942435057,1792.5781768494066,0.14479288701401802
16,100,3600,260.86870343364194,1792.5781768494066,0.14552709990709506
16,100,6400,263.2502224262154,1792.5781768494066,0.14685564391333705
16,100,14400,267.47649768454227,1792.5781768494066,0.14921329576523837
16,100,57600,288.55530086350086,1792.5781768494066,0.16097222681281265
17,100,4,157.88799151234574,1693.1615197844312,0.09325040149297015
17,100,9,203.3461913580246,1693.1615197844312,0.12009851923868084
17,100,16,221.36424903549388,1693.1615197844312,0.13074018423456576
17,100,25,232.37005728395064,1693.1615197844312,0.13724033683067366
17,100,36,238.71074254115237,1693.1615197844312,0.1409852159713294
17,100,64,244.4892444540895,1693.1615197844312,0.14439806338453592
17,100,100,248.042864537037,1693.1615197844312,0.1464968708765701
17,100,144,250.0261901363169,1693.1615197844312,0.14766824500485315
17,100,225,251.48673355281187,1693.1615197844312,0.1485308581692965
17,100,256,252.06028036988826,1693.1615197844312,0.14886960129000562
17,100,400,253.26733517746928,1693.1615197844312,0.14958250126645603
17,100,576,254.24829271154857,1693.1615197844312,0.15016186568185105
17,100,900,254.7574606893003,1693.1615197844312,0.1504625859449814
17,100,1600,256.7562033777007,1693.1615197844312,0.1516430655773409
17,100,2304,257.74368071228764,1693.1615197844312,0.152226280659333
17,100,3600,258.98057960648174,1693.1615197844312,0.15295680688482363
17,100,6400,261.0427582421873,1693.1615197844312,0.15417475249226226
17,100,14400,265.0313176022378,1693.1615197844312,0.1565304399523448
17,100,57600,284.94506686080035,1693.1615197844312,0.1682917214519964
18,100,4,158.8533804012345,1771.3519956493685,0.08967917206258018
18,100,9,204.42821604938283,1771.3519956493685,0.11540801407708946
18,100,16,222.48078375771607,1771.3519956493685,0.1255994202756724
18,100,25,233.84408098765422,1771.3519956493685,0.13201446215207396
18,100,36,240.21396579218117,1771.3519956493685,0.135610520315653
18,100,64,245.82062581983007,1771.3519956493685,0.13877570715678872
18,100,100,249.3979463888889,1771.3519956493685,0.14079524961805284
18,100,144,251.02309265689297,1771.3519956493685,0.14171271055862006
18,100,225,252.7638909190674,1771.3519956493685,0.14269546173763473
18,100,256,253.0123216025271,1771.3519956493685,0.14283571092812306
18,100,400,254.26383258487672,1771.3519956493685,0.14354223960532753
18,100,576,254.76839687821501,1771.3519956493685,0.1438270866004914
18,100,900,255.66446443415634,1771.3519956493685,0.1443329530562507
18,100,1600,256.68791053047846,1771.3519956493685,0.14491072986110703
18,100,2304,257.34889200344014,1771.3519956493685,0.14528388069424755
18,100,3600,258.62745239454745,1771.3519956493685,0.14600567985909313
18,100,6400,260.0747260257522,1771.3519956493685,0.14682272448645092
18,100,14400,264.5382395415379,1771.3519956493685,0.14934255878632385
18,100,57600,284.9435673629866,1771.3519956493685,0.1608621934335122
19,100,4,160.48467669753083,1873.4346464101077,0.08566334406436489
19,100,9,206.20476748971186,1873.4346464101077,0.11006776664712767
19,100,16,224.585121720679,1873.4346464101077,0.11987881304054616
19,100,25,236.19829580246912,1873.4346464101077,0.12607768104164957
19,100,36,242.32464171810702,1873.4346464101077,0.12934779560229212
19,100,64,248.15126007908955,1873.4346464101077,0.1324579219000776
19,100,100,251.82275675925914,1873.4346464101077,0.13441768958517136
19,100,144,253.48550495113167,1873.4346464101077,0.13530522958826607
19,100,225,255.05248203017825,1873.4346464101077,0.13614164898621475
19,100,256,255.40394761525866,1873.4346464101077,0.13632925392122217
19,100,400,256.6662977700616,1873.4346464101077,0.137003069875903
19,100,576,257.44880132780327,1873.4346464101077,0.13742075381232485
19,100,900,258.3275095781891,1873.4346464101077,0.1378897897896778
19,100,1600,259.49258828510807,1873.4346464101077,0.13851168429192345
19,100,2304,260.4649154730904,1873.4346464101077,0.13903069208856345
19,100,3600,261.81053033693405,1873.4346464101077,0.13974895299316564
19,100,6400,264.3292425419559,1873.4346464101077,0.14109338857828108
19,100,14400,269.1526818357767,1873.4346464101077,0.14366803899539785
19,100,57600,291.93102124415907,1873.4346464101077,0.155826637349512
20,300,4,151.02170447530852,1289.5390668551627,0.1171129346578151
20,300,9,194.16345061728393,1289.5390668551627,0.15056810267159731
20,300,16,210.90176755401237,1289.5390668551627,0.16354818010154962
20,300,25,222.29410469135806,1289.5390668551627,0.1723826058511537
20,300,36,228.28374768518535,1289.5390668551627,0.17702739959783284
20,300,64,233.52025487075608,1289.5390668551627,0.1810881584535852
20,300,100,237.05852638888888,1289.5390668551627,0.18383198499523598
20,300,144,238.51665515689288,1289.5390668551627,0.1849627213998026
20,300,225,240.24475528120703,1289.5390668551627,0.1863028127306752
20,300,256,240.37053543354565,1289.5390668551627,0.18640035157658655
20,300,400,241.54203777006177,1289.5390668551627,0.18730881752897766
20,300,576,242.05243037872933,1289.5390668551627,0.187704612136358
20,300,900,242.63933385802463,1289.5390668551627,0.18815973869621214
20,300,1600,243.4094046277008,1289.5390668551627,0.18875690615663981
20,300,2304,244.02561863024042,1289.5390668551627,0.18923476217386181
20,300,3600,244.65249649948586,1289.5390668551627,0.18972088770922405
20,300,6400,246.1613288556133,1289.5390668551627,0.19089094327008974
20,300,14400,248.61545351787558,1289.5390668551627,0.19279404549113932
20,300,57600,262.60194753338305,1289.5390668551627,0.2036401643680313
21,300,4,150.03021373456798,1253.1569355538816,0.11972180776245417
21,300,9,193.18229423868317,1253.1569355538816,0.15415650566806202
21,300,16,209.6432328317902,1253.1569355538816,0.16729208200817258
21,300,25,221.12773876543187,1253.1569355538816,0.17645654146876333
21,300,36,226.83123945473238,1253.1569355538816,0.18100784747640206
21,300,64,232.0974765142746,1253.1569355538816,0.18521022381900643
21,300,100,235.60377861111104,1253.1569355538816,0.1880081990744254
21,300,144,237.3167276877573,1253.1569355538816,0.18937510614571662
21,300,225,238.90095824417023,1253.1569355538816,0.1906392978135485
21,300,256,239.0733247853975,1253.1569355538816,0.19077684366781222
21,300,400,240.05093906635807,1253.1569355538816,0.19155696485872153
21,300,576,240.7482817161779,1253.1569355538816,0.1921134335898399
21,300,900,241.25220904320992,1253.1569355538816,0.1925155598620847
21,300,1600,241.97034347029336,1253.1569355538816,0.19308862011232866
21,300,2304,242.502343215503,1253.1569355538816,0.19351314774339867
21,300,3600,243.17683624228394,1253.1569355538816,0.1940513828260484
21,300,6400,244.7115687167245,1253.1569355538816,0.1952760757842071
21,300,14400,246.8608517509003,1253.1569355538816,0.1969911706563636
21,300,57600,260.6650699774411,1253.1569355538816,0.20800672492167152
22,300,4,150.23716743827157,1268.0739505525976,0.11847666090199366
22,300,9,193.4347757201647,1268.0739505525976,0.1525421885970217
22,300,16,210.14863792438263,1268.0739505525976,0.1657226992422679
22,300,25,221.07107950617274,1268.0739505525976,0.17433610982217168
22,300,36,227.10397093621407,1268.0739505525976,0.17909363317277147
22,300,64,232.35409225501547,1268.0739505525976,0.1832338659379927
22,300,100,235.8531178703706,1268.0739505525976,0.18599318893633232
22,300,144,237.60133828446496,1268.0739505525976,0.18737183125709958
22,300,225,239.03733371742118,1268.0739505525976,0.18850425372530852
22,300,256,239.27004049720296,1268.0739505525976,0.18868776571976306
22,300,400,240.48208989969123,1268.0739505525976,0.1896435848988891
22,300,576,241.13570359117787,1268.0739505525976,0.1901590230491656
22,300,900,241.9573445164609,1268.0739505525976,0.19080696706293937
22,300,1600,243.02116279899695,1268.0739505525976,0.19164589154527928
22,300,2304,243.70120906876917,1268.0739505525976,0.1921821743618105
22,300,3600,244.1927764686215,1268.0739505525976,0.1925698232048753
22,300,6400,245.72125525028937,1268.0739505525976,0.19377517781451917
22,300,14400,248.25504250707291,1268.0739505525976,0.19577331621621047
22,300,57600,262.5572877571483,1268.0739505525976,0.2070520316600872
23,300,4,151.62766743827166,1322.1694772239896,0.11468096189652419
23,300,9,194.82129835390944,1322.1694772239896,0.14734971704456057
23,300,16,211.66854533179023,1322.1694772239896,0.16009184070426952
23,300,25,222.9062824691359,1322.1694772239896,0.1685913086854396
23,300,36,228.54905838477373,1322.1694772239896,0.17285912458411343
23,300,64,233.77352165316356,1322.1694772239896,0.17681055695219308
23,300,100,237.44912268518527,1322.1694772239896,0.17959053417549048
23,300,144,238.89768113425927,1322.1694772239896,0.18068612628680994
23,300,225,240.68203133059004,1322.1694772239896,0.1820356886742863
23,300,256,240.97405785831407,1322.1694772239896,0.18225655788413764
23,300,400,241.93338452932088,1322.1694772239896,0.18298212800773556
23,300,576,242.56257016782405,1322.1694772239896,0.18345800167547763
23,300,900,243.33625097736635,1322.1694772239896,0.1840431617649139
23,300,1600,244.25726025270072,1322.1694772239896,0.18473975118949212
23,300,2304,245.13721713847093,1322.1694772239896,0.18540529134975794
23,300,3600,245.99276147890956,1322.1694772239896,0.18605236750389434
23,300,6400,247.5750727502894,1322.1694772239896,0.18724912124737209
23,300,14400,251.02971024627067,1322.1694772239896,0.18986197652462034
23,300,57600,266.1773644668956,1322.1694772239896,0.2013186426189162
24,500,4,153.00494521604932,1337.881464620241,0.11436360340000667
24,500,9,196.65530246913576,1337.881464620241,0.1469900792182337
24,500,16,213.86980690586415,1337.881464620241,0.15985706698356217
24,500,25,224.9792706172841,1337.881464620241,0.16816083978048435
24,500,36,231.35388040123465,1337.881464620241,0.17292554424237028
24,500,64,236.81199445408956,1337.881464620241,0.1770052136280316
24,500,100,240.78074564814833,1337.881464620241,0.1799716581890864
24,500,144,243.4662181712964,1337.881464620241,0.18197891562867605
24,500,225,244.4557498491084,1337.881464620241,0.18271854145052932
24,500,256,245.08021815923985,1337.881464620241,0.18318530052197568
24,500,400,248.198951566358,1337.881464620241,0.18551639897097275
24,500,576,247.6386230227623,1337.881464620241,0.18509758119195915
24,500,900,249.51616579218094,1337.881464620241,0.1865009512356211
24,500,1600,251.70026333140427,1337.881464620241,0.18813345575637347
24,500,2304,252.29521146395962,1337.881464620241,0.18857814996007427
24,500,3600,253.03491667438269,1337.881464620241,0.1891310428956476
24,500,6400,254.7876420500579,1337.881464620241,0.1904411181317768
24,500,14400,257.86721587641426,1337.881464620241,0.1927429467375199
24,500,57600,272.26089881360383,1337.881464620241,0.20350151042034606
25,500,4,149.1572322530865,1231.1662692226068,0.12115116859664178
25,500,9,191.45631481481485,1231.1662692226068,0.15550808985020825
25,500,16,208.04561477623463,1231.1662692226068,0.16898254929255047
25,500,25,218.83614617283945,1231.1662692226068,0.17774702868607567
25,500,36,224.4141993312758,1231.1662692226068,0.1822777352996986
25,500,64,229.60702396797836,1231.1662692226068,0.18649554467810325
25,500,100,232.96580935185182,1231.1662692226068,0.1892236777238488
25,500,144,234.54698000257198,1231.1662692226068,0.19050796457465616
25,500,225,235.98921437585747,1231.1662692226068,0.19167940210453274
25,500,256,236.26887918354555,1231.1662692226068,0.1919065564821983
25,500,400,237.37350351080252,1231.1662692226068,0.1928037743112365
25,500,576,237.99384871720673,1231.1662692226068,0.19330764224679642
25,500,900,238.69262377572008,1231.1662692226068,0.19387521388677856
25,500,1600,239.8166740721449,1231.1662692226068,0.19478821022571705
25,500,2304,240.30892621125898,1231.1662692226068,0.19518803610741936
25,500,3600,241.29236725051447,1231.1662692226068,0.19598682426775166
25,500,6400,243.2301227502892,1231.1662692226068,0.19756074287502334
25,500,14400,246.3040834638634,1231.1662692226068,0.2000575305067339
25,500,57600,259.68370699518823,1231.1662692226068,0.21092496885831663
26,500,4,149.6803526234568,1247.1576000979926,0.12001719158163812
26,500,9,191.97652880658444,1247.1576000979926,0.15393125038206903
26,500,16,208.56460783179008,1247.1576000979926,0.1672319583470466
26,500,25,219.36590172839513,1247.1576000979926,0.17589268726836044
26,500,36,225.1210450102882,1247.1576000979926,0.18050729514265065
26,500,64,230.30039375964498,1247.1576000979926,0.1846602175551427
26,500,100,233.74079712962958,1247.1576000979926,0.18741881307644193
26,500,144,235.5072086548353,1247.1576000979926,0.18883516296282912
26,500,225,236.95699445816192,1247.1576000979926,0.18999763497375435
26,500,256,237.2211176094715,1247.1576000979926,0.19020941506577227
26,500,400,238.23340786265433,1247.1576000979926,0.19102109295884953
26,500,576,238.9651387120626,1247.1576000979926,0.1916078117900147
26,500,900,239.6134488786008,1247.1576000979926,0.1921276419754598
26,500,1600,240.58593728973767,1247.1576000979926,0.19290740582492075
26,500,2304,241.1194736488877,1247.1576000979926,0.19333520769944573
26,500,3600,241.98439835133755,1247.1576000979926,0.19402872446299022
26,500,6400,243.69106850839097,1247.1576000979926,0.1953971723294983
26,500,14400,246.74937271026246,1247.1576000979926,0.19784939184179665
26,500,57600,260.58657327219436,1247.1576000979926,0.20894438140914937
27,500,4,150.8646766975308,1283.9181509954647,0.11750334441534327
27,500,9,193.56132304526744,1283.9181509954647,0.15075830409842939
27,500,16,210.55226986882718,1283.9181509954647,0.16399197231192578
27,500,25,221.85529432098753,1283.9181509954647,0.17279551204177285
27,500,36,227.13536291152263,1283.9181509954647,0.17690797714435066
27,500,64,232.7432247781636,1283.9181509954647,0.18127574923503498
27,500,100,236.14868749999994,1283.9181509954647,0.1839281478472019
27,500,144,237.64263509516465,1283.9181509954647,0.18509173260843176
27,500,225,239.3540321536352,1283.9181509954647,0.18642468133039167
27,500,256,239.59473971595298,1283.9181509954647,0.18661216023014177
27,500,400,240.85366360339498,1283.9181509954647,0.1875926930518531
27,500,576,241.294238892104,1283.9181509954647,0.18793584209789427
27,500,900,242.04205850823038,1283.9181509954647,0.1885182932576871
27,500,1600,242.86560525270065,1283.9181509954647,0.18915972569154726
27,500,2304,243.35754317370757,1283.9181509954647,0.18954287933777111
27,500,3600,244.39510806327146,1283.9181509954647,0.19035100319579076
27,500,6400,246.0275613961227,1283.9181509954647,0.19162246534591734
27,500,14400,248.92399204925417,1283.9181509954647,0.19387839626401035
27,500,57600,262.77148491764166,1283.9181509954647,0.2046637355456858
28,800,4,149.30314891975294,1154.7583488065186,0.12929384669447314
28,800,9,192.17182098765437,1154.7583488065186,0.166417347132645
28,800,16,208.7309411651237,1154.7583488065186,0.18075724793923692
28,800,25,219.81829283950626,1154.7583488065186,0.19035869545060732
28,800,36,225.63043287037027,1154.7583488065186,0.19539190437858006
28,800,64,230.97331563464508,1154.7583488065186,0.2000187449377298
28,800,100,234.4890204629629,1154.7583488065186,0.2030632822055932
28,800,144,236.05745171039106,1154.7583488065186,0.20442151550959933
28,800,225,237.52776104252408,1154.7583488065186,0.2056947769964313
28,800,256,237.94064524257317,1154.7583488065186,0.20605232730163223
28,800,400,238.9891153626544,1154.7583488065186,0.2069602836036281
28,800,576,239.67403660300943,1154.7583488065186,0.20755341310216166
28,800,900,240.52200859053505,1154.7583488065186,0.20828774162067987
28,800,1600,241.4018437249228,1154.7583488065186,0.20904966305237774
28,800,2304,242.31674438577022,1154.7583488065186,0.2098419506004981
28,800,3600,243.40734705504107,1154.7583488065186,0.21078639293373433
28,800,6400,245.51677536602992,1154.7583488065186,0.21261311998287757
28,800,14400,249.36661553433635,1154.7583488065186,0.21594701245681844
28,800,57600,263.67105619593406,1154.7583488065186,0.22833440127836868
29,800,4,150.42456558641973,1226.4199344317437,0.12265339249897164
29,800,9,193.53583333333341,1226.4199344317437,0.1578055182403794
29,800,16,210.26073283179014,1226.4199344317437,0.171442690165676
29,800,25,221.59034617283942,1226.4199344317437,0.1806806461242921
29,800,36,227.17070961934147,1226.4199344317437,0.18523077066959126
29,800,64,232.78953206983024,1226.4199344317437,0.18981225397130572
29,800,100,236.12276490740769,1226.4199344317437,0.19253011002044265
29,800,144,237.70893113425933,1226.4199344317437,0.19382344045508418
29,800,225,239.2829755281208,1226.4199344317437,0.1951068869726025
29,800,256,239.63811052035112,1226.4199344317437,0.1953964574388514
29,800,400,240.65935138117288,1226.4199344317437,0.19622915823908335
29,800,576,241.36699326453183,1226.4199344317437,0.19680615626683218
29,800,900,242.12153426954745,1226.4199344317437,0.1974213949659367
29,800,1600,242.99929784529309,1226.4199344317437,0.19813710705696067
29,800,2304,243.9080071172517,1226.4199344317437,0.19887805169300793
29,800,3600,244.7739210879629,1226.4199344317437,0.19958410183651965
29,800,6400,246.75135212528937,1226.4199344317437,0.20119646231909996
29,800,14400,251.11176113361606,1226.4199344317437,0.20475185870977186
29,800,57600,266.8539845678477,1226.4199344317437,0.217587774852578
30,800,4,150.02043595679015,1167.7348369857566,0.12847132003360795
30,800,9,192.8419115226336,1167.7348369857566,0.16514186732701355
30,800,16,209.58730922067903,1167.7348369857566,0.1794819359518992
30,800,25,220.60160987654317,1167.7348369857566,0.18891412920931291
30,800,36,226.17579912551432,1167.7348369857566,0.19368763520778057
30,800,64,231.5396698013118,1167.7348369857566,0.19828103304597736
30,800,100,235.15054120370374,1167.7348369857566,0.20137323453558317
30,800,144,236.53267161779831,1167.7348369857566,0.20255683407403852
30,800,225,238.01567182441724,1167.7348369857566,0.20382681434665498
30,800,256,238.4796002483605,1167.7348369857566,0.20422410353359127
30,800,400,239.46092378858032,1167.7348369857566,0.20506446857978008
30,800,576,240.19583052019036,1167.7348369857566,0.20569381242423287
30,800,900,241.02059760288066,1167.7348369857566,0.2064001089708181
30,800,1600,241.92828728973757,1167.7348369857566,0.2071774170189362
30,800,2304,242.865836383584,1167.7348369857566,0.20798029543289745
30,800,3600,243.9549607278806,1167.7348369857566,0.20891297664596115
30,800,6400,246.44000959635412,1167.7348369857566,0.21104107010499343
30,800,14400,250.08472988618843,1167.7348369857566,0.21416225838712288
30,800,57600,264.1350523102604,1167.7348369857566,0.22619437559306296
31,800,4,150.48091743827163,1110.8257173493098,0.13546762114704575
31,800,9,193.8572407407407,1110.8257173493098,0.1745163419544602
31,800,16,210.55677218364193,1110.8257173493098,0.18954978165799014
31,800,25,221.67563358024694,1110.8257173493098,0.19955932791078776
31,800,36,227.6232991255145,1110.8257173493098,0.20491360217035395
31,800,64,232.72973982445993,1110.8257173493098,0.2095105795532062
31,800,100,236.50550490740753,1110.8257173493098,0.2129096411917479
31,800,144,237.89743319187255,1110.8257173493098,0.21416269850103176
31,800,225,239.66666754458151,1110.8257173493098,0.21575541851559063
31,800,256,240.02282319396213,1110.8257173493098,0.21607604095331243
31,800,400,241.1697842515433,1110.8257173493098,0.21710857111503581
31,800,576,241.75668905928504,1110.8257173493098,0.21763692115102726
31,800,900,242.67529303497923,1110.8257173493098,0.2184638771364236
31,800,1600,243.49996879436713,1110.8257173493098,0.21920627600827883
31,800,2304,244.56539271074467,1110.8257173493098,0.2201654038892212
31,800,3600,245.93539745627567,1110.8257173493098,0.22139872494412094
31,800,6400,248.44783352575234,1110.8257173493098,0.2236604983530693
31,800,14400,252.68290402713507,1110.8257173493098,0.22747304107263167
31,800,57600,267.6295650211656,1110.8257173493098,0.24092849205885547
32,1000,4,148.0720285493826,1193.3857208371899,0.124077258478932
32,1000,9,190.50349588477354,1193.3857208371899,0.1596327931183311
32,1000,16,207.12807310956782,1193.3857208371899,0.17356339152798167
32,1000,25,217.42563358024697,1193.3857208371899,0.18219225333760275
32,1000,36,223.39993698559675,1193.3857208371899,0.187198433067287
32,1000,64,228.71980753279334,1193.3857208371899,0.19165622944804525
32,1000,100,232.21538824074062,1193.3857208371899,0.1945853584353563
32,1000,144,233.72595762602876,1193.3857208371899,0.19585114313422836
32,1000,225,235.2072453223595,1193.3857208371899,0.19709239118208635
32,1000,256,235.56243039882344,1193.3857208371899,0.1973900192417004
32,1000,400,236.63231434413578,1193.3857208371899,0.19828653067688148
32,1000,576,237.01914173418206,1193.3857208371899,0.19861067347773126
32,1000,900,237.9173961625513,1193.3857208371899,0.19936336760896245
32,1000,1600,238.7571807156637,1193.3857208371899,0.20006706678890845
32,1000,2304,239.07563493039478,1193.3857208371899,0.20033391614798043
32,1000,3600,239.9819659027777,1193.3857208371899,0.20109337803574887
32,1000,6400,241.2048805685763,1193.3857208371899,0.2021181218754361
32,1000,14400,243.82275659143522,1193.3857208371899,0.204311776430832
32,1000,57600,256.3313825340255,1193.3857208371899,0.21479340506454414
33,1000,4,146.9723711419753,1169.583144960551,0.1256621829540238
33,1000,9,189.11186213991775,1169.583144960551,0.1616916787444781
33,1000,16,205.55095042438268,1169.583144960551,0.17574718933839947
33,1000,25,216.0430483950618,1169.583144960551,0.18471799061566396
33,1000,36,221.89267361111106,1169.583144960551,0.1897194522400503
33,1000,64,226.7893410976082,1169.583144960551,0.19390612978204094
33,1000,100,230.13435972222223,1169.583144960551,0.19676613904177326
33,1000,144,231.77343524948557,1169.583144960551,0.19816755760216012
33,1000,225,233.30734079561032,1169.583144960551,0.19947905525218523
33,1000,256,233.27962961757322,1169.583144960551,0.19945536204306497
33,1000,400,234.48145739969135,1169.583144960551,0.20048293138458337
33,1000,576,235.06322841113698,1169.583144960551,0.20098034878834156
33,1000,900,235.79444966049388,1169.583144960551,0.20160554696472394
33,1000,1600,236.4425305767747,1169.583144960551,0.20215965970059332
33,1000,2304,236.68868767280728,1169.583144960551,0.20237012536700894
33,1000,3600,237.46725963734576,1169.583144960551,0.20303580866442406
33,1000,6400,238.56363452112282,1169.583144960551,0.20397321519982178
33,1000,14400,240.84319072980992,1169.583144960551,0.20592224825361463
33,1000,57600,253.46701436337239,1169.583144960551,0.21671568665767804
34,1000,4,147.73819521604926,1169.8120221836089,0.1262922524426415
34,1000,9,189.73512962962963,1169.8120221836089,0.16219283614085614
34,1000,16,206.5682166280865,1169.8120221836089,0.17658240188239782
34,1000,25,216.88247802469118,1169.8120221836089,0.18539942649918348
34,1000,36,222.62908719135805,1169.8120221836089,0.19031184751870767
34,1000,64,227.8810772087191,1169.8120221836089,0.19480144919638365
34,1000,100,231.2251700925925,1169.8120221836089,0.19766010752819937
34,1000,144,232.84871534207832,1169.8120221836089,0.19904797602219493
34,1000,225,234.15241454046628,1169.8120221836089,0.20016242789451746
34,1000,256,234.54213974488812,1169.8120221836089,0.2004955798856334
34,1000,400,235.50328360339503,1169.8120221836089,0.20131720236880196
34,1000,576,236.27109936021102,1169.8120221836089,0.20197356060607052
34,1000,900,236.81524056584374,1169.8120221836089,0.20243871329326635
34,1000,1600,237.54811194251545,1169.8120221836089,0.20306519973961326
34,1000,2304,237.90934000048213,1169.8120221836089,0.20337399128143074
34,1000,3600,238.64374754886836,1169.8120221836089,0.20400179090603654
34,1000,6400,239.75635038917838,1169.8120221836089,0.20495288631214564
34,1000,14400,241.72972079153794,1169.8120221836089,0.20663979870912716
34,1000,57600,254.4120531513095,1169.8120221836089,0.21748114083869283
35,1000,4,148.92984336419764,1216.6679441388546,0.12240796191076497
35,1000,9,191.14690740740753,1216.6679441388546,0.15710688222553557
35,1000,16,207.85177681327144,1216.6679441388546,0.17083689745798872
35,1000,25,218.31426172839505,1216.6679441388546,0.17943619109889156
35,1000,36,224.21293595679006,1216.6679441388546,0.18428441140157245
35,1000,64,229.17818716242277,1216.6679441388546,0.18836543550478171
35,1000,100,232.4652771296295,1216.6679441388546,0.19106715044930858
35,1000,144,234.08477475565826,1216.6679441388546,0.19239824299089356
35,1000,225,235.5062833470508,1216.6679441388546,0.19356660498994227
35,1000,256,235.84160632474936,1216.6679441388546,0.19384221262743606
35,1000,400,236.77734730709886,1216.6679441388546,0.19461131399717077
35,1000,576,237.34165459426424,1216.6679441388546,0.19507512771880603
35,1000,900,237.87948492798364,1216.6679441388546,0.19551717958374612
35,1000,1600,238.59221897955223,1216.6679441388546,0.19610298777816934
35,1000,2304,239.0022451573752,1216.6679441388546,0.19643999524170794
35,1000,3600,239.59596272376547,1216.6679441388546,0.19692798177020196
35,1000,6400,240.68956095052081,1216.6679441388546,0.1978268286840404
35,1000,14400,242.93668219071503,1216.6679441388546,0.19967377570933142
35,1000,57600,255.46208065773982,1216.6679441388546,0.20996861295507652
36,1420,4,148.4049359567901,1201.596698913096,0.12350644445930133
36,1420,9,190.49338477366257,1201.596698913096,0.1585335453617452
36,1420,16,206.9880754243828,1201.596698913096,0.17226085558624937
36,1420,25,217.8195728395061,1201.596698913096,0.1812751092246964
36,1420,36,223.44103369341553,1201.596698913096,0.1859534350381697
36,1420,64,228.7119556809414,1201.596698913096,0.19034003329721425
36,1420,100,232.0517156481482,1201.596698913096,0.19311946833579896
36,1420,144,233.41891956018532,1201.596698913096,0.19425729096237063
36,1420,225,235.18683906721526,1201.596698913096,0.19572859952091537
36,1420,256,235.2107777657214,1201.596698913096,0.19574852192793243
36,1420,400,236.3566039737655,1201.596698913096,0.19670210827606452
36,1420,576,236.865565473894,1201.596698913096,0.1971256792633924
36,1420,900,237.64065352880655,1201.596698913096,0.19777072768572382
36,1420,1600,238.16107080825608,1201.596698913096,0.19820383247031606
36,1420,2304,238.49744556568288,1201.596698913096,0.1984837722851733
36,1420,3600,239.22408840277765,1201.596698913096,0.19908850333823966
36,1420,6400,240.3946109389466,1201.596698913096,0.20006264261244686
36,1420,14400,242.5303991145833,1201.596698913096,0.20184010103719838
36,1420,57600,255.36100215079517,1201.596698913096,0.2125180623263878
37,1420,4,148.83330632716053,1170.4435016066725,0.12715975279700084
37,1420,9,191.58732716049383,1170.4435016066725,0.16368780457792378
37,1420,16,207.99187403549394,1170.4435016066725,0.17770347201721626
37,1420,25,218.98630913580246,1170.4435016066725,0.18709686442378387
37,1420,36,224.8572476851853,1170.4435016066725,0.19211285925080782
37,1420,64,230.18311250964481,1170.4435016066725,0.19666315562747927
37,1420,100,233.68296231481494,1170.4435016066725,0.19965334678182878
37,1420,144,235.20330484825115,1170.4435016066725,0.20095229246468252
37,1420,225,236.76524433470527,1170.4435016066725,0.20228677762719574
37,1420,256,237.3522048490547,1170.4435016066725,0.20278826318676668
37,1420,400,238.4156800848765,1170.4435016066725,0.20369687196144226
37,1420,576,239.20640465856474,1170.4435016066725,0.2043724488454207
37,1420,900,239.684929578189,1170.4435016066725,0.20478128952757868
37,1420,1600,240.6631777064045,1170.4435016066725,0.20561708222229025
37,1420,2304,241.01219792872305,1170.4435016066725,0.20591527707051613
37,1420,3600,241.45078505915652,1170.4435016066725,0.20628999582441704
37,1420,6400,242.78057435329865,1170.4435016066725,0.2074261372035752
37,1420,14400,244.79073161972707,1170.4435016066725,0.20914356932538977
37,1420,57600,257.6786679738404,1170.4435016066725,0.22015472564042934
38,1420,4,149.46157484567908,1178.5857672403217,0.12681433884582355
38,1420,9,192.02036008230462,1178.5857672403217,0.16292438396903733
38,1420,16,208.59608236882715,1178.5857672403217,0.17698846207625463
38,1420,25,219.62460098765447,1178.5857672403217,0.18634587918188522
38,1420,36,225.29536188271604,1178.5857672403217,0.19115737534337351
38,1420,64,230.72058415316343,1178.5857672403217,0.19576053823677128
38,1420,100,234.2430434259258,1178.5857672403217,0.19874925519795628
38,1420,144,235.66455793467082,1178.5857672403217,0.19995537404671307
38,1420,225,237.24754737997273,1178.5857672403217,0.2012985002656971
38,1420,256,237.54942736062893,1178.5857672403217,0.2015546377391396
38,1420,400,238.51551073302457,1178.5857672403217,0.20237433487043766
38,1420,576,239.00313858346186,1178.5857672403217,0.20278807467961513
38,1420,900,239.6436899485598,1178.5857672403217,0.20333156619538134
38,1420,1600,240.38710275270066,1178.5857672403217,0.2039623330218649
38,1420,2304,240.74427756478292,1178.5857672403217,0.20426538675118203
38,1420,3600,241.42188241512343,1178.5857672403217,0.20484031720526952
38,1420,6400,242.6374787861694,1178.5857672403217,0.20587171975978388
38,1420,14400,244.72723645254624,1178.5857672403217,0.20764482590484623
38,1420,57600,257.2486267135525,1178.5857672403217,0.21826890656918796
39,1420,4,149.81484336419766,1166.876084311439,0.12838967682896835
39,1420,9,192.68913374485612,1166.876084311439,0.16513247322106178
39,1420,16,209.38277681327168,1166.876084311439,0.17943874214957983
39,1420,25,220.56439061728392,1166.876084311439,0.18902126248258538
39,1420,36,226.3434915123457,1166.876084311439,0.19397388853496692
39,1420,64,231.64016690779323,1166.876084311439,0.19851308122788514
39,1420,100,235.003193425926,1166.876084311439,0.20139515805107863
39,1420,144,236.49147820216044,1166.876084311439,0.202670601773205
39,1420,225,238.12530425240053,1166.876084311439,0.2040707727701144
39,1420,256,238.33557681086035,1166.876084311439,0.20425097404537143
39,1420,400,239.34660814043218,1166.876084311439,0.2051174168006606
39,1420,576,239.94991661844148,1166.876084311439,0.2056344455461467
39,1420,900,240.42889402263384,1166.876084311439,0.20604492392566975
39,1420,1600,241.19300437307098,1166.876084311439,0.20669975811133054
39,1420,2304,241.5305687813464,1166.876084311439,0.20698904710509256
39,1420,3600,242.00951480195465,1166.876084311439,0.2073994985892284
39,1420,6400,243.03778362413192,1166.876084311439,0.2082807136865316
39,1420,14400,245.2692044232253,1166.876084311439,0.21019301682573777
39,1420,57600,256.7444289203424,1166.876084311439,0.2200271583009129
40,3000,4,148.93162114197534,1126.924843626959,0.1321575453626928
40,3000,9,191.40417901234582,1126.924843626959,0.16984644547929187
40,3000,16,208.0798925540123,1126.924843626959,0.1846439837853926
40,3000,25,219.0318395061731,1126.924843626959,0.19436241976991878
40,3000,36,224.68423739711938,1126.924843626959,0.19937819160502562
40,3000,64,230.1040025559413,1126.924843626959,0.2041875319878134
40,3000,100,233.54564712962974,1126.924843626959,0.20724154627559113
40,3000,144,234.99164949845672,1126.924843626959,0.20852468629775364
40,3000,225,236.61491577503415,1126.924843626959,0.20996512510408347
40,3000,256,236.74658925299,1126.924843626959,0.21008196828018388
40,3000,400,237.78151128858022,1126.924843626959,0.21100032769114457
40,3000,576,238.2960112043466,1126.924843626959,0.2114568798016744
40,3000,900,239.03107772633737,1126.924843626959,0.21210915623887228
40,3000,1600,239.74190395640437,1126.924843626959,0.21273992255313617
40,3000,2304,240.31502172952037,1126.924843626959,0.21324849042823196
40,3000,3600,240.71728502829214,1126.924843626959,0.21360544706207196
40,3000,6400,242.01655522714105,1126.924843626959,0.21475838126722027
40,3000,14400,244.01217385995352,1126.924843626959,0.21652923461569173
40,3000,57600,256.683353888835,1126.924843626959,0.22777326752573016
41,3000,4,149.24177854938273,1121.3653225835885,0.1330893470163092
41,3000,9,191.7526769547325,1121.3653225835885,0.17099929264170635
41,3000,16,208.13213097993827,1121.3653225835885,0.1856059990337571
41,3000,25,219.10911506172843,1121.3653225835885,0.19539494458140394
41,3000,36,225.07445241769554,1121.3653225835885,0.2007146537215289
41,3000,64,230.14060556520064,1121.3653225835885,0.2052324973229637
41,3000,100,233.80396935185206,1121.3653225835885,0.20849937539817573
41,3000,144,235.1429810313784,1121.3653225835885,0.20969346589888901
41,3000,225,236.64367725651582,1121.3653225835885,0.21103174183351472
41,3000,256,236.91075085599934,1121.3653225835885,0.2112699100683485
41,3000,400,238.03764897376553,1121.3653225835885,0.21227484404933683
41,3000,576,238.62575091628088,1121.3653225835885,0.21279929574288517
41,3000,900,239.29144706790134,1121.3653225835885,0.21339294362748956
41,3000,1600,239.96829918788575,1121.3653225835885,0.21399654007046226
41,3000,2304,240.40429208060044,1121.3653225835885,0.21438534547039223
41,3000,3600,240.94709236368314,1121.3653225835885,0.21486939850123868
41,3000,6400,242.18427681278925,1121.3653225835885,0.21597268252847762
41,3000,14400,244.16602858217598,1121.3653225835885,0.21773994938565208
41,3000,57600,255.6750351677706,1121.3653225835885,0.22800333666347358
42,3000,4,149.26870447530862,1136.6631253366108,0.13132185002579747
42,3000,9,191.6215658436214,1136.6631253366108,0.16858254796193436
42,3000,16,208.4969805169755,1136.6631253366108,0.18342900008763047
42,3000,25,219.3450943209876,1136.6631253366108,0.19297282495728968
42,3000,36,224.99485365226326,1136.6631253366108,0.1979433031977996
42,3000,64,230.29396667631173,1136.6631253366108,0.20260529398990804
42,3000,100,233.78738379629635,1136.6631253366108,0.2056786910607861
42,3000,144,235.25509831532918,1136.6631253366108,0.20696993952861878
42,3000,225,236.86936696844984,1136.6631253366108,0.20839012165394516
42,3000,256,236.98482131317508,1136.6631253366108,0.20849169470769496
42,3000,400,238.07832814043212,1136.6631253366108,0.2094537271717403
42,3000,576,238.4853678144291,1136.6631253366108,0.2098118277073554
42,3000,900,239.13401266460912,1136.6631253366108,0.2103824847786736
42,3000,1600,239.88353946566338,1136.6631253366108,0.21104189457595396
42,3000,2304,240.24588722913433,1136.6631253366108,0.21136067659271346
42,3000,3600,240.8237935468108,1136.6631253366108,0.21186910015708776
42,3000,6400,242.10417188223383,1136.6631253366108,0.21299553621970205
42,3000,14400,244.30848229616745,1136.6631253366108,0.21493481828560074
42,3000,57600,256.83492651293506,1136.6631253366108,0.2259551847755034
43,3000,4,149.81707484567903,1190.3960777101006,0.12585481223516284
43,3000,9,192.77833950617278,1190.3960777101006,0.1619447032092124
43,3000,16,209.60623514660512,1190.3960777101006,0.17608108685120424
43,3000,25,220.93306469135808,1190.3960777101006,0.1855962639900115
43,3000,36,226.721780606996,1190.3960777101006,0.19045911260320028
43,3000,64,231.85019179205236,1190.3960777101006,0.19476726791476817
43,3000,100,235.5888526851852,1190.3960777101006,0.19790795441662956
43,3000,144,237.4078094778805,1190.3960777101006,0.19943598095061674
43,3000,225,238.85026211248297,1190.3960777101006,0.2006477227075093
43,3000,256,239.25059214650867,1190.3960777101006,0.20098402256729697
43,3000,400,240.59884397376536,1190.3960777101006,0.20211663032071822
43,3000,576,241.42943815907913,1190.3960777101006,0.20281437639101066
43,3000,900,242.4482852572018,1190.3960777101006,0.20367026555025805
43,3000,1600,243.87290897955248,1190.3960777101006,0.20486703001296624
43,3000,2304,245.10963608780213,1190.3960777101006,0.2059059506977762
43,3000,3600,246.573294225823,1190.3960777101006,0.2071355062763164
43,3000,6400,248.6174646889467,1190.3960777101006,0.20885272502510127
43,3000,14400,251.9502512827932,1190.3960777101006,0.2116524541709311
43,3000,57600,266.5662173662017,1190.3960777101006,0.2239306919416103
