,ATP uM,Ratio
0,0,1.0974239678743438
1,0,1.099338497085368
2,0,1.0876239237596337
3,0,1.0833435676589838
4,0,1.0858561497200532
5,1000,3.3579732617914653
6,1000,3.3577093174357153
7,1000,3.355362810316495
8,1000,3.339000509581366
9,1000,3.3507291300900524
10,100,1.7476850258094465
11,100,1.7488968150724113
12,100,1.7171922578713967
13,100,1.7001080717680686
14,100,1.7096347623006942
15,1420,3.4419321019315654
16,1420,3.45727361467736
17,1420,3.463422133323847
18,1420,3.4636606070579665
19,1420,3.4691146154400916
20,3000,3.5310496108865537
21,3000,3.527238126467445
22,3000,3.492128145010567
23,3000,3.480733291422254
24,3000,3.480163664327173
25,300,2.79798244584123
26,300,2.8068932453304662
27,300,2.831865813703212
28,300,2.8253320708207443
29,300,2.833778249170058
30,30,1.1883647625135685
31,30,1.19769825135716
32,30,1.2100583496262132
33,30,1.1910793450766464
34,30,1.1949468543153827
35,470,3.0517612814410526
36,470,3.0091263862241746
37,470,2.9871804020799493
38,470,2.9740843031822184
39,470,2.9721002318859866
40,50,1.3544217223175739
41,50,1.3841906901324188
42,50,1.3828344441552753
43,50,1.3800408870031131
44,50,1.36255674536268
