,ATP uM,Ratio
0,0,1.3397437235120782
1,0,1.3351377702049103
2,0,1.3425594177225786
3,0,1.3381255855140017
4,0,1.3365812434757658
5,1000,3.0482892990368553
6,1000,3.0590952518982597
7,1000,3.101065850579476
8,1000,3.0220768098129653
9,1000,3.101458000251683
10,1000,3.1186985008833106
11,1000,3.1198890156576136
12,1000,3.1102189356689576
13,1000,3.1181344437940353
14,1000,3.11816559757148
15,1000,3.1229635394809354
16,1000,3.114615371823383
17,1000,3.110226962116944
18,1000,3.050520250870467
19,1000,3.092509298995967
20,1000,3.103442250089683
21,1000,3.10871283204467
22,1000,3.110084994429922
23,1000,3.1088525751514426
24,1000,3.1016917613303674
25,1000,3.101824709865013
26,1000,3.105914584968218
27,1000,3.1163520647009015
28,100,1.7460329825079128
29,100,1.765254204716396
30,100,1.773441972778204
31,100,1.791298416752302
32,100,1.8078800825737356
33,1420,3.1509042399322658
34,1420,3.1559769572591883
35,1420,3.1162547044435267
36,1420,3.137301010325016
37,1420,3.110523226310695
38,3000,3.206278353555712
39,3000,3.1681023765866465
40,3000,3.2329534051838595
41,3000,3.1657781765031636
42,3000,3.262193467549796
43,300,2.662948677118849
44,300,2.639420090344865
45,300,2.639160064372284
46,300,2.6169424009281594
47,300,2.615100222436509
48,30,1.3858691216225443
49,30,1.3990664423340733
50,30,1.4021169784306045
51,30,1.4038849792027437
52,30,1.393094399047969
53,470,2.870849488436464
54,470,2.8720767618135508
55,470,2.8907906829207626
56,470,2.900207837847785
57,470,2.8917354659143997
58,50,1.4650712427204906
59,50,1.4717527961223742
60,50,1.4716506596314256
61,50,1.5045382540041832
62,50,1.4976082539713202
