,ATP uM,Ratio
0,0,1.0454151360251422
1,0,1.0333472064693516
2,0,1.025483500154977
3,0,1.0303451078190635
4,0,1.0660546672736766
5,1000,3.3007184413897335
6,1000,3.3164058444221705
7,1000,3.3202715739189217
8,1000,3.3368659117359663
9,1000,3.335626964462489
10,100,2.4785969304299904
11,100,2.4774447733244953
12,100,2.5000496104248238
13,100,2.5115778962880593
14,100,2.5014213144933763
15,1420,3.42512693349987
16,1420,3.4232559899009796
17,1420,3.4272853622071646
18,1420,3.402339550005856
19,1420,3.3610826215525
20,3000,3.4301538562850613
21,3000,3.4632013533006316
22,3000,3.4969959893829343
23,3000,3.5075500524753744
24,3000,3.517430556835365
25,300,3.116721520446381
26,300,3.0712273228652527
27,300,3.0548667789589534
28,300,3.039706893218388
29,300,3.0126980088849367
30,30,1.650242346274149
31,30,1.6510649768290209
32,30,1.6455903253747435
33,30,1.657742498721259
34,30,1.656331561906542
35,470,3.185348584955003
36,470,3.2220480407534313
37,470,3.2258467920407154
38,470,3.237561671229826
39,470,3.230550072497831
40,50,2.0561505454334967
41,50,2.055595550084148
42,50,2.0596494680434305
43,50,2.03388600439365
44,50,2.024051879784106
